   0.00000000       0.00000000    
   9.99999978E-03   9.90049648E-21
   1.99999996E-02   1.00372329E-17
   2.99999993E-02   5.73038329E-16
   3.99999991E-02   1.00746056E-14
   4.99999970E-02   9.28934528E-14
   5.99999949E-02   5.69448677E-13
   6.99999928E-02   2.63377926E-12
   7.99999908E-02   9.91187427E-12
   8.99999887E-02   3.18667800E-11
   9.99999866E-02   9.04835998E-11
  0.109999985       2.32355926E-10
  0.119999982       5.49157053E-10
  0.129999980       1.21052768E-09
  0.139999986       2.51465671E-09
  0.149999991       4.96327335E-09
  0.159999996       9.36941813E-09
  0.170000002       1.70082366E-08
  0.180000007       2.98230489E-08
  0.190000013       5.07014377E-08
  0.200000018       8.38380956E-08
  0.210000023       1.35204616E-07
  0.220000029       2.13148624E-07
  0.230000034       3.29148065E-07
  0.240000039       4.98749387E-07
  0.250000030       7.42723216E-07
  0.260000020       1.08847212E-06
  0.270000011       1.57173133E-06
  0.280000001       2.23860684E-06
  0.289999992       3.14799786E-06
  0.299999982       4.37445533E-06
  0.309999973       6.01153261E-06
  0.319999963       8.17570253E-06
  0.329999954       1.10108685E-05
  0.339999944       1.46936045E-05
  0.349999934       1.94391214E-05
  0.359999925       2.55080977E-05
  0.369999915       3.32144627E-05
  0.379999906       4.29341599E-05
  0.389999896       5.51150442E-05
  0.399999887       7.02879479E-05
  0.409999877       8.90792508E-05
  0.419999868       1.12224552E-04
  0.429999858       1.40584219E-04
  0.439999849       1.75160356E-04
  0.449999839       2.17115637E-04
  0.459999830       2.67794239E-04
  0.469999820       3.28744587E-04
  0.479999810       4.01743979E-04
  0.489999801       4.88826539E-04
  0.499999791       5.92312776E-04
  0.509999812       7.14841881E-04
  0.519999802       8.59406951E-04
  0.529999793       1.02939282E-03
  0.539999783       1.22861832E-03
  0.549999774       1.46137993E-03
  0.559999764       1.73250143E-03
  0.569999754       2.04738276E-03
  0.579999745       2.41205562E-03
  0.589999735       2.83324742E-03
  0.599999726       3.31843900E-03
  0.609999716       3.87593848E-03
  0.619999707       4.51494381E-03
  0.629999697       5.24563342E-03
  0.639999688       6.07924024E-03
  0.649999678       7.02813454E-03
  0.659999669       8.10593180E-03
  0.669999659       9.32757277E-03
  0.679999650       1.07094394E-02
  0.689999640       1.22694625E-02
  0.699999630       1.40272370E-02
  0.709999621       1.60041414E-02
  0.719999611       1.82234515E-02
  0.729999602       2.07105428E-02
  0.739999592       2.34929174E-02
  0.749999583       2.66004931E-02
  0.759999573       3.00655980E-02
  0.769999564       3.39233056E-02
  0.779999554       3.82115059E-02
  0.789999545       4.29710411E-02
  0.799999535       4.82460782E-02
  0.809999526       5.40840775E-02
  0.819999516       6.05361424E-02
  0.829999506       6.76572025E-02
  0.839999497       7.55062625E-02
  0.849999487       8.41466114E-02
  0.859999478       9.36459228E-02
  0.869999468      0.104076780    
  0.879999459      0.115516804    
  0.889999449      0.128048792    
  0.899999440      0.141761273    
  0.909999430      0.156748518    
  0.919999421      0.173111111    
  0.929999411      0.190955922    
  0.939999402      0.210396826    
  0.949999392      0.231554776    
  0.959999382      0.254558146    
  0.969999373      0.279543340    
  0.979999363      0.306654692    
  0.989999354      0.336045355    
  0.999999344      0.367877275    
   1.00999939      0.402322263    
   1.01999938      0.439560831    
   1.02999938      0.479784727    
   1.03999937      0.523196280    
   1.04999936      0.570008576    
   1.05999935      0.620446026    
   1.06999934      0.674745858    
   1.07999933      0.733157218    
   1.08999932      0.795942426    
   1.09999931      0.863377035    
   1.10999930      0.935751438    
   1.11999929       1.01337016    
   1.12999928       1.09655190    
   1.13999927       1.18563306    
   1.14999926       1.28096521    
   1.15999925       1.38291597    
   1.16999924       1.49187243    
   1.17999923       1.60823715    
   1.18999922       1.73243392    
   1.19999921       1.86490452    
   1.20999920       2.00611067    
   1.21999919       2.15653563    
   1.22999918       2.31668162    
   1.23999918       2.48707628    
   1.24999917       2.66826868    
   1.25999916       2.86082888    
   1.26999915       3.06535459    
   1.27999914       3.28246617    
   1.28999913       3.51281095    
   1.29999912       3.75706005    
   1.30999911       4.01591635    
   1.31999910       4.29010630    
   1.32999909       4.58038616    
   1.33999908       4.88754606    
   1.34999907       5.21239805    
   1.35999906       5.55579281    
   1.36999905       5.91860962    
   1.37999904       6.30176067    
   1.38999903       6.70619345    
   1.39999902       7.13288975    
   1.40999901       7.58286428    
   1.41999900       8.05717373    
   1.42999899       8.55690193    
   1.43999898       9.08318901    
   1.44999897       9.63719177    
   1.45999897       10.2201214    
   1.46999896       10.8332291    
   1.47999895       11.4777985    
   1.48999894       12.1551781    
   1.49999893       12.8667355    
   1.50999892       13.6138878    
   1.51999891       14.3981133    
   1.52999890       15.2209253    
   1.53999889       16.0838890    
   1.54999888       16.9886131    
   1.55999887       17.9367523    
   1.56999886       18.9300423    
   1.57999885       19.9702206    
   1.58999884       21.0591221    
   1.59999883       22.1986256    
   1.60999882       23.3906269    
   1.61999881       24.6371460    
   1.62999880       25.9402027    
   1.63999879       27.3018913    
   1.64999878       28.7243958    
   1.65999877       30.2099056    
   1.66999876       31.7607136    
   1.67999876       33.3791618    
   1.68999875       35.0676498    
   1.69999874       36.8286629    
   1.70999873       38.6647148    
   1.71999872       40.5784264    
   1.72999871       42.5724831    
   1.73999870       44.6495895    
   1.74999869       46.8125687    
   1.75999868       49.0643196    
   1.76999867       51.4077721    
   1.77999866       53.8459740    
   1.78999865       56.3820000    
   1.79999864       59.0190430    
   1.80999863       61.7604027    
   1.81999862       64.6093369    
   1.82999861       67.5692673    
   1.83999860       70.6437454    
   1.84999859       73.8362885    
   1.85999858       77.1505508    
   1.86999857       80.5902710    
   1.87999856       84.1593018    
   1.88999856       87.8615341    
   1.89999855       91.7009354    
   1.90999854       95.6816177    
   1.91999853       99.8077469    
   1.92999852       104.083542    
   1.93999851       108.513382    
   1.94999850       113.101692    
   1.95999849       117.853035    
   1.96999848       122.772011    
   1.97999847       127.863365    
   1.98999846       133.131897    
   1.99999845       138.582474    
   2.00999856       144.220261    
   2.01999855       150.050156    
   2.02999854       156.077393    
   2.03999853       162.307449    
   2.04999852       168.745636    
   2.05999851       175.397324    
   2.06999850       182.268448    
   2.07999849       189.364395    
   2.08999848       196.691147    
   2.09999847       204.254715    
   2.10999846       212.060989    
   2.11999846       220.116089    
   2.12999845       228.426376    
   2.13999844       236.998154    
   2.14999843       245.837967    
   2.15999842       254.952286    
   2.16999841       264.347931    
   2.17999840       274.031555    
   2.18999839       284.010071    
   2.19999838       294.290619    
   2.20999837       304.880371    
   2.21999836       315.786530    
   2.22999835       327.016327    
   2.23999834       338.577393    
   2.24999833       350.477448    
   2.25999832       362.724091    
   2.26999831       375.325012    
   2.27999830       388.288574    
   2.28999829       401.622406    
   2.29999828       415.335114    
   2.30999827       429.434601    
   2.31999826       443.929596    
   2.32999825       458.828583    
   2.33999825       474.140320    
   2.34999824       489.873749    
   2.35999823       506.037262    
   2.36999822       522.640442    
   2.37999821       539.692322    
   2.38999820       557.202026    
   2.39999819       575.179077    
   2.40999818       593.633301    
   2.41999817       612.573853    
   2.42999816       632.010925    
   2.43999815       651.954346    
   2.44999814       672.414368    
   2.45999813       693.400574    
   2.46999812       714.923645    
   2.47999811       736.994141    
   2.48999810       759.622192    
   2.49999809       782.819092    
   2.50999808       806.595093    
   2.51999807       830.961365    
   2.52999806       855.928955    
   2.53999805       881.508850    
   2.54999804       907.712646    
   2.55999804       934.551514    
   2.56999803       962.037292    
   2.57999802       990.181580    
   2.58999801       1018.99603    
   2.59999800       1048.49268    
   2.60999799       1078.68335    
   2.61999798       1109.58081    
   2.62999797       1141.19666    
   2.63999796       1173.54395    
   2.64999795       1206.63501    
   2.65999794       1240.48242    
   2.66999793       1275.09912    
   2.67999792       1310.49756    
   2.68999791       1346.69165    
   2.69999790       1383.69385    
   2.70999789       1421.51807    
   2.71999788       1460.17712    
   2.72999787       1499.68518    
   2.73999786       1540.05542    
   2.74999785       1581.30139    
   2.75999784       1623.43762    
   2.76999784       1666.47742    
   2.77999783       1710.43604    
   2.78999782       1755.32666    
   2.79999781       1801.16431    
   2.80999780       1847.96313    
   2.81999779       1895.73718    
   2.82999778       1944.50195    
   2.83999777       1994.27283    
   2.84999776       2045.06335    
   2.85999775       2096.89014    
   2.86999774       2149.76660    
   2.87999773       2203.70923    
   2.88999772       2258.73315    
   2.89999771       2314.85352    
   2.90999770       2372.08569    
   2.91999769       2430.44678    
   2.92999768       2489.95215    
   2.93999767       2550.61572    
   2.94999766       2612.45581    
   2.95999765       2675.48853    
   2.96999764       2739.72754    
   2.97999763       2805.19312    
   2.98999763       2871.89673    
   2.99999762       2939.86011    
   3.00999761       3009.09619    
   3.01999760       3079.62354    
   3.02999759       3151.45874    
   3.03999758       3224.61816    
   3.04999757       3299.11865    
   3.05999756       3374.97729    
   3.06999755       3452.21045    
   3.07999754       3530.83643    
   3.08999753       3610.87451    
   3.09999752       3692.33887    
   3.10999751       3775.25000    
   3.11999750       3859.62183    
   3.12999749       3945.47437    
   3.13999748       4032.82495    
   3.14999747       4121.69238    
   3.15999746       4212.09277    
   3.16999745       4304.04346    
   3.17999744       4397.56689    
   3.18999743       4492.67480    
   3.19999743       4589.39062    
   3.20999742       4687.73145    
   3.21999741       4787.71289    
   3.22999740       4889.35693    
   3.23999739       4992.67969    
   3.24999738       5097.69824    
   3.25999737       5204.43506    
   3.26999736       5312.90674    
   3.27999735       5423.13232    
   3.28999734       5535.12939    
   3.29999733       5648.91699    
   3.30999732       5764.51660    
   3.31999731       5881.94189    
   3.32999730       6001.21777    
   3.33999729       6122.35742    
   3.34999728       6245.38477    
   3.35999727       6370.31494    
   3.36999726       6497.16846    
   3.37999725       6625.96631    
   3.38999724       6756.72852    
   3.39999723       6889.46680    
   3.40999722       7024.20801    
   3.41999722       7160.96436    
   3.42999721       7299.76514    
   3.43999720       7440.62158    
   3.44999719       7583.55029    
   3.45999718       7728.58105    
   3.46999717       7875.72607    
   3.47999716       8025.00439    
   3.48999715       8176.43994    
   3.49999714       8330.04785    
   3.50999713       8485.84668    
   3.51999712       8643.86133    
   3.52999711       8804.10352    
   3.53999710       8966.59961    
   3.54999709       9131.36621    
   3.55999708       9298.42383    
   3.56999707       9467.78711    
   3.57999706       9639.48242    
   3.58999705       9813.52344    
   3.59999704       9989.93457    
   3.60999703       10168.7295    
   3.61999702       10349.9316    
   3.62999701       10533.5547    
   3.63999701       10719.6279    
   3.64999700       10908.1621    
   3.65999699       11099.1777    
   3.66999698       11292.6963    
   3.67999697       11488.7344    
   3.68999696       11687.3145    
   3.69999695       11888.4551    
   3.70999694       12092.1699    
   3.71999693       12298.4854    
   3.72999692       12507.4180    
   3.73999691       12718.9814    
   3.74999690       12933.2070    
   3.75999689       13150.0977    
   3.76999688       13369.6826    
   3.77999687       13591.9785    
   3.78999686       13817.0010    
   3.79999685       14044.7695    
   3.80999684       14275.3105    
   3.81999683       14508.6318    
   3.82999682       14744.7588    
   3.83999681       14983.7061    
   3.84999681       15225.4912    
   3.85999680       15470.1348    
   3.86999679       15717.6582    
   3.87999678       15968.0713    
   3.88999677       16221.4014    
   3.89999676       16477.6543    
   3.90999675       16736.8574    
   3.91999674       16999.0273    
   3.92999673       17264.1855    
   3.93999672       17532.3320    
   3.94999671       17803.5059    
   3.95999670       18077.7148    
   3.96999669       18354.9746    
   3.97999668       18635.3086    
   3.98999667       18918.7227    
   3.99999666       19205.2441    
   4.00999689       19494.8887    
   4.01999712       19787.6816    
   4.02999735       20083.6211    
   4.03999758       20382.7383    
   4.04999781       20685.0352    
   4.05999804       20990.5312    
   4.06999826       21299.2559    
   4.07999849       21611.2109    
   4.08999872       21926.4316    
   4.09999895       22244.9082    
   4.10999918       22566.6680    
   4.11999941       22891.7266    
   4.12999964       23220.0957    
   4.13999987       23551.8008    
   4.15000010       23886.8477    
   4.16000032       24225.2637    
   4.17000055       24567.0430    
   4.18000078       24912.2129    
   4.19000101       25260.7930    
   4.20000124       25612.7891    
   4.21000147       25968.2090    
   4.22000170       26327.0879    
   4.23000193       26689.4160    
   4.24000216       27055.2383    
   4.25000238       27424.5352    
   4.26000261       27797.3320    
   4.27000284       28173.6387    
   4.28000307       28553.4824    
   4.29000330       28936.8750    
   4.30000353       29323.8047    
   4.31000376       29714.3027    
   4.32000399       30108.3887    
   4.33000422       30506.0605    
   4.34000444       30907.3418    
   4.35000467       31312.2422    
   4.36000490       31720.7773    
   4.37000513       32132.9316    
   4.38000536       32548.7383    
   4.39000559       32968.2109    
   4.40000582       33391.3828    
   4.41000605       33818.1992    
   4.42000628       34248.7266    
   4.43000650       34682.9727    
   4.44000673       35120.9141    
   4.45000696       35562.5977    
   4.46000719       36008.0117    
   4.47000742       36457.1680    
   4.48000765       36910.0820    
   4.49000788       37366.7656    
   4.50000811       37827.2031    
   4.51000834       38291.4453    
   4.52000856       38759.4648    
   4.53000879       39231.2852    
   4.54000902       39706.9219    
   4.55000925       40186.3711    
   4.56000948       40669.6523    
   4.57000971       41156.7695    
   4.58000994       41647.7227    
   4.59001017       42142.5078    
   4.60001040       42641.1562    
   4.61001062       43143.6602    
   4.62001085       43650.0430    
   4.63001108       44160.3008    
   4.64001131       44674.4414    
   4.65001154       45192.4609    
   4.66001177       45714.3711    
   4.67001200       46240.1797    
   4.68001223       46769.8828    
   4.69001245       47303.5195    
   4.70001268       47841.0430    
   4.71001291       48382.5039    
   4.72001314       48927.8828    
   4.73001337       49477.1758    
   4.74001360       50030.4219    
   4.75001383       50587.5938    
   4.76001406       51148.6953    
   4.77001429       51713.7461    
   4.78001451       52282.7266    
   4.79001474       52855.6602    
   4.80001497       53432.5430    
   4.81001520       54013.3867    
   4.82001543       54598.1836    
   4.83001566       55186.9453    
   4.84001589       55779.6523    
   4.85001612       56376.2930    
   4.86001635       56976.9219    
   4.87001657       57581.5156    
   4.88001680       58190.0469    
   4.89001703       58802.5586    
   4.90001726       59419.0586    
   4.91001749       60039.4805    
   4.92001772       60663.8594    
   4.93001795       61292.2227    
   4.94001818       61924.5586    
   4.95001841       62560.8203    
   4.96001863       63201.0664    
   4.97001886       63845.2578    
   4.98001909       64493.4023    
   4.99001932       65145.5039    
   5.00001955       65801.5625    
   5.01001978       66461.5469    
   5.02002001       67125.5000    
   5.03002024       67793.3750    
   5.04002047       68465.2031    
   5.05002069       69140.9609    
   5.06002092       69820.6562    
   5.07002115       70504.2891    
   5.08002138       71191.8359    
   5.09002161       71883.2891    
   5.10002184       72578.6875    
   5.11002207       73277.9688    
   5.12002230       73981.1484    
   5.13002253       74688.2422    
   5.14002275       75399.2266    
   5.15002298       76114.1172    
   5.16002321       76832.8438    
   5.17002344       77555.4766    
   5.18002367       78281.9766    
   5.19002390       79012.3281    
   5.20002413       79746.5312    
   5.21002436       80484.5781    
   5.22002459       81226.4766    
   5.23002481       81972.1953    
   5.24002504       82721.7500    
   5.25002527       83475.0859    
   5.26002550       84232.2578    
   5.27002573       84993.1953    
   5.28002596       85757.9531    
   5.29002619       86526.4766    
   5.30002642       87298.7734    
   5.31002665       88074.8047    
   5.32002687       88854.6094    
   5.33002710       89638.1328    
   5.34002733       90425.3906    
   5.35002756       91216.3750    
   5.36002779       92011.0391    
   5.37002802       92809.3906    
   5.38002825       93611.4531    
   5.39002848       94417.1484    
   5.40002871       95226.5547    
   5.41002893       96039.5625    
   5.42002916       96856.2109    
   5.43002939       97676.4922    
   5.44002962       98500.3359    
   5.45002985       99327.8359    
   5.46003008       100158.859    
   5.47003031       100993.492    
   5.48003054       101831.641    
   5.49003077       102673.344    
   5.50003099       103518.570    
   5.51003122       104367.305    
   5.52003145       105219.516    
   5.53003168       106075.242    
   5.54003191       106934.383    
   5.55003214       107796.992    
   5.56003237       108663.031    
   5.57003260       109532.484    
   5.58003283       110405.344    
   5.59003305       111281.586    
   5.60003328       112161.164    
   5.61003351       113044.125    
   5.62003374       113930.406    
   5.63003397       114819.977    
   5.64003420       115712.875    
   5.65003443       116609.031    
   5.66003466       117508.445    
   5.67003489       118411.133    
   5.68003511       119316.992    
   5.69003534       120226.094    
   5.70003557       121138.367    
   5.71003580       122053.781    
   5.72003603       122972.359    
   5.73003626       123894.117    
   5.74003649       124818.867    
   5.75003672       125746.812    
   5.76003695       126677.742    
   5.77003717       127611.766    
   5.78003740       128548.844    
   5.79003763       129488.875    
   5.80003786       130431.875    
   5.81003809       131377.891    
   5.82003832       132326.828    
   5.83003855       133278.672    
   5.84003878       134233.422    
   5.85003901       135191.078    
   5.86003923       136151.547    
   5.87003946       137114.828    
   5.88003969       138080.953    
   5.89003992       139049.844    
   5.90004015       140021.547    
   5.91004038       140995.922    
   5.92004061       141973.078    
   5.93004084       142952.891    
   5.94004107       143935.344    
   5.95004129       144920.469    
   5.96004152       145908.188    
   5.97004175       146898.547    
   5.98004198       147891.469    
   5.99004221       148886.875    
   6.00004244       149884.953    
   6.01004267       150885.406    
   6.02004290       151888.359    
   6.03004313       152893.734    
   6.04004335       153901.594    
   6.05004358       154911.797    
   6.06004381       155924.406    
   6.07004404       156939.359    
   6.08004427       157956.594    
   6.09004450       158976.125    
   6.10004473       159997.938    
   6.11004496       161022.000    
   6.12004519       162048.250    
   6.13004541       163076.766    
   6.14004564       164107.375    
   6.15004587       165140.078    
   6.16004610       166174.953    
   6.17004633       167211.938    
   6.18004656       168250.859    
   6.19004679       169291.938    
   6.20004702       170334.859    
   6.21004725       171379.828    
   6.22004747       172426.797    
   6.23004770       173475.609    
   6.24004793       174526.281    
   6.25004816       175578.875    
   6.26004839       176633.234    
   6.27004862       177689.453    
   6.28004885       178747.406    
   6.29004908       179807.047    
   6.30004930       180868.438    
   6.31004953       181931.578    
   6.32004976       182996.250    
   6.33004999       184062.688    
   6.34005022       185130.547    
   6.35005045       186200.062    
   6.36005068       187271.141    
   6.37005091       188343.703    
   6.38005114       189417.703    
   6.39005136       190493.172    
   6.40005159       191570.047    
   6.41005182       192648.328    
   6.42005205       193727.938    
   6.43005228       194808.938    
   6.44005251       195891.172    
   6.45005274       196974.641    
   6.46005297       198059.406    
   6.47005320       199145.297    
   6.48005342       200232.438    
   6.49005365       201320.672    
   6.50005388       202410.062    
   6.51005411       203500.516    
   6.52005434       204591.922    
   6.53005457       205684.438    
   6.54005480       206777.922    
   6.55005503       207872.359    
   6.56005526       208967.703    
   6.57005548       210063.969    
   6.58005571       211161.062    
   6.59005594       212258.969    
   6.60005617       213357.719    
   6.61005640       214457.188    
   6.62005663       215557.406    
   6.63005686       216658.328    
   6.64005709       217759.953    
   6.65005732       218862.188    
   6.66005754       219964.969    
   6.67005777       221068.375    
   6.68005800       222172.391    
   6.69005823       223276.766    
   6.70005846       224381.797    
   6.71005869       225487.109    
   6.72005892       226592.891    
   6.73005915       227699.109    
   6.74005938       228805.641    
   6.75005960       229912.422    
   6.76005983       231019.562    
   6.77006006       232126.922    
   6.78006029       233234.562    
   6.79006052       234342.312    
   6.80006075       235450.156    
   6.81006098       236558.219    
   6.82006121       237666.359    
   6.83006144       238774.531    
   6.84006166       239882.781    
   6.85006189       240991.016    
   6.86006212       242099.141    
   6.87006235       243207.359    
   6.88006258       244315.297    
   6.89006281       245423.141    
   6.90006304       246530.844    
   6.91006327       247638.359    
   6.92006350       248745.641    
   6.93006372       249852.594    
   6.94006395       250959.203    
   6.95006418       252065.594    
   6.96006441       253171.641    
   6.97006464       254277.219    
   6.98006487       255382.391    
   6.99006510       256487.125    
   7.00006533       257591.359    
   7.01006556       258694.969    
   7.02006578       259798.078    
   7.03006601       260900.656    
   7.04006624       262002.609    
   7.05006647       263103.812    
   7.06006670       264204.438    
   7.07006693       265304.281    
   7.08006716       266403.312    
   7.09006739       267501.625    
   7.10006762       268599.156    
   7.11006784       269695.875    
   7.12006807       270791.594    
   7.13006830       271886.500    
   7.14006853       272980.406    
   7.15006876       274073.281    
   7.16006899       275165.219    
   7.17006922       276256.156    
   7.18006945       277346.031    
   7.19006968       278434.719    
   7.20006990       279522.312    
   7.21007013       280608.812    
   7.22007036       281694.000    
   7.23007059       282778.031    
   7.24007082       283860.719    
   7.25007105       284942.219    
   7.26007128       286022.281    
   7.27007151       287101.062    
   7.28007174       288178.469    
   7.29007196       289254.531    
   7.30007219       290329.062    
   7.31007242       291402.094    
   7.32007265       292473.594    
   7.33007288       293543.719    
   7.34007311       294612.156    
   7.35007334       295678.969    
   7.36007357       296744.125    
   7.37007380       297807.750    
   7.38007402       298869.562    
   7.39007425       299929.750    
   7.40007448       300988.094    
   7.41007471       302044.750    
   7.42007494       303099.531    
   7.43007517       304152.531    
   7.44007540       305203.594    
   7.45007563       306252.781    
   7.46007586       307300.094    
   7.47007608       308345.375    
   7.48007631       309388.688    
   7.49007654       310429.938    
   7.50007677       311469.250    
   7.51007700       312506.406    
   7.52007723       313541.500    
   7.53007746       314574.438    
   7.54007769       315605.125    
   7.55007792       316633.719    
   7.56007814       317660.031    
   7.57007837       318684.156    
   7.58007860       319706.031    
   7.59007883       320725.469    
   7.60007906       321742.656    
   7.61007929       322757.531    
   7.62007952       323770.000    
   7.63007975       324779.938    
   7.64007998       325787.594    
   7.65008020       326792.625    
   7.66008043       327795.312    
   7.67008066       328795.375    
   7.68008089       329792.844    
   7.69008112       330787.781    
   7.70008135       331780.062    
   7.71008158       332769.781    
   7.72008181       333756.812    
   7.73008204       334741.156    
   7.74008226       335722.750    
   7.75008249       336701.594    
   7.76008272       337677.719    
   7.77008295       338651.000    
   7.78008318       339621.500    
   7.79008341       340589.125    
   7.80008364       341553.938    
   7.81008387       342515.812    
   7.82008410       343474.844    
   7.83008432       344430.719    
   7.84008455       345383.875    
   7.85008478       346333.906    
   7.86008501       347280.938    
   7.87008524       348224.781    
   7.88008547       349165.719    
   7.89008570       350103.562    
   7.90008593       351038.250    
   7.91008615       351969.750    
   7.92008638       352898.125    
   7.93008661       353823.281    
   7.94008684       354745.281    
   7.95008707       355664.000    
   7.96008730       356579.469    
   7.97008753       357491.688    
   7.98008776       358400.531    
   7.99008799       359306.062    
   8.00008774       360208.156    
   8.01008797       361106.812    
   8.02008820       362002.406    
   8.03008842       362894.344    
   8.04008865       363782.938    
   8.05008888       364667.969    
   8.06008911       365549.438    
   8.07008934       366427.562    
   8.08008957       367302.250    
   8.09008980       368173.125    
   8.10009003       369040.469    
   8.11009026       369904.406    
   8.12009048       370764.469    
   8.13009071       371621.094    
   8.14009094       372473.938    
   8.15009117       373323.281    
   8.16009140       374168.688    
   8.17009163       375010.562    
   8.18009186       375848.688    
   8.19009209       376682.969    
   8.20009232       377513.656    
   8.21009254       378340.219    
   8.22009277       379163.156    
   8.23009300       379982.281    
   8.24009323       380797.656    
   8.25009346       381609.031    
   8.26009369       382416.562    
   8.27009392       383220.094    
   8.28009415       384019.812    
   8.29009438       384815.375    
   8.30009460       385607.156    
   8.31009483       386395.031    
   8.32009506       387178.812    
   8.33009529       387958.500    
   8.34009552       388734.125    
   8.35009575       389505.875    
   8.36009598       390273.500    
   8.37009621       391037.031    
   8.38009644       391796.375    
   8.39009666       392551.844    
   8.40009689       393303.062    
   8.41009712       394050.094    
   8.42009735       394792.906    
   8.43009758       395531.531    
   8.44009781       396266.125    
   8.45009804       396996.469    
   8.46009827       397722.531    
   8.47009850       398444.250    
   8.48009872       399161.812    
   8.49009895       399875.062    
   8.50009918       400584.125    
   8.51009941       401288.875    
   8.52009964       401989.188    
   8.53009987       402685.375    
   8.54010010       403377.188    
   8.55010033       404064.562    
   8.56010056       404747.594    
   8.57010078       405426.125    
   8.58010101       406100.406    
   8.59010124       406770.312    
   8.60010147       407435.750    
   8.61010170       408096.719    
   8.62010193       408753.375    
   8.63010216       409405.375    
   8.64010239       410053.031    
   8.65010262       410696.188    
   8.66010284       411335.000    
   8.67010307       411969.062    
   8.68010330       412598.812    
   8.69010353       413223.969    
   8.70010376       413844.500    
   8.71010399       414460.688    
   8.72010422       415072.094    
   8.73010445       415679.031    
   8.74010468       416281.438    
   8.75010490       416879.406    
   8.76010513       417472.469    
   8.77010536       418061.062    
   8.78010559       418645.156    
   8.79010582       419224.469    
   8.80010605       419799.062    
   8.81010628       420369.250    
   8.82010651       420934.719    
   8.83010674       421495.531    
   8.84010696       422051.594    
   8.85010719       422603.000    
   8.86010742       423149.719    
   8.87010765       423691.812    
   8.88010788       424229.188    
   8.89010811       424761.812    
   8.90010834       425289.844    
   8.91010857       425813.125    
   8.92010880       426331.656    
   8.93010902       426845.406    
   8.94010925       427354.281    
   8.95010948       427858.719    
   8.96010971       428358.281    
   8.97010994       428853.031    
   8.98011017       429343.000    
   8.99011040       429828.156    
   9.00011063       430308.688    
   9.01011086       430784.406    
   9.02011108       431255.250    
   9.03011131       431721.281    
   9.04011154       432182.656    
   9.05011177       432639.250    
   9.06011200       433090.969    
   9.07011223       433537.781    
   9.08011246       433979.750    
   9.09011269       434417.094    
   9.10011292       434849.562    
   9.11011314       435277.188    
   9.12011337       435699.906    
   9.13011360       436117.750    
   9.14011383       436530.938    
   9.15011406       436939.188    
   9.16011429       437342.656    
   9.17011452       437741.344    
   9.18011475       438134.938    
   9.19011497       438523.875    
   9.20011520       438907.938    
   9.21011543       439287.031    
   9.22011566       439661.500    
   9.23011589       440030.781    
   9.24011612       440395.500    
   9.25011635       440755.156    
   9.26011658       441110.031    
   9.27011681       441460.125    
   9.28011703       441805.344    
   9.29011726       442145.688    
   9.30011749       442481.000    
   9.31011772       442811.500    
   9.32011795       443137.375    
   9.33011818       443458.000    
   9.34011841       443773.969    
   9.35011864       444085.250    
   9.36011887       444391.375    
   9.37011909       444692.875    
   9.38011932       444989.344    
   9.39011955       445281.000    
   9.40011978       445567.750    
   9.41012001       445849.750    
   9.42012024       446126.656    
   9.43012047       446398.844    
   9.44012070       446666.188    
   9.45012093       446928.750    
   9.46012115       447186.312    
   9.47012138       447439.094    
   9.48012161       447687.062    
   9.49012184       447930.281    
   9.50012207       448168.406    
   9.51012230       448401.938    
   9.52012253       448630.469    
   9.53012276       448854.156    
   9.54012299       449072.969    
   9.55012321       449287.188    
   9.56012344       449496.219    
   9.57012367       449700.750    
   9.58012390       449900.281    
   9.59012413       450095.062    
   9.60012436       450284.969    
   9.61012459       450470.219    
   9.62012482       450650.562    
   9.63012505       450826.188    
   9.64012527       450996.906    
   9.65012550       451162.875    
   9.66012573       451324.125    
   9.67012596       451480.469    
   9.68012619       451632.094    
   9.69012642       451779.094    
   9.70012665       451921.188    
   9.71012688       452058.500    
   9.72012711       452191.031    
   9.73012733       452318.719    
   9.74012756       452441.875    
   9.75012779       452560.344    
   9.76012802       452673.938    
   9.77012825       452782.750    
   9.78012848       452886.844    
   9.79012871       452986.344    
   9.80012894       453081.125    
   9.81012917       453171.125    
   9.82012939       453256.594    
   9.83012962       453337.219    
   9.84012985       453413.219    
   9.85013008       453484.531    
   9.86013031       453551.250    
   9.87013054       453613.344    
   9.88013077       453670.594    
   9.89013100       453723.344    
   9.90013123       453771.344    
   9.91013145       453815.000    
   9.92013168       453853.750    
   9.93013191       453888.062    
   9.94013214       453917.688    
   9.95013237       453942.688    
   9.96013260       453963.125    
   9.97013283       453979.031    
   9.98013306       453990.406    
   9.99013329       453997.125    
   10.0001335       453999.312    
   10.0101337       453996.844    
   10.0201340       453990.125    
   10.0301342       453978.719    
   10.0401344       453962.844    
   10.0501347       453942.312    
   10.0601349       453917.531    
   10.0701351       453888.188    
   10.0801353       453854.344    
   10.0901356       453816.000    
   10.1001358       453773.219    
   10.1101360       453726.062    
   10.1201363       453674.438    
   10.1301365       453618.375    
   10.1401367       453557.844    
   10.1501369       453493.062    
   10.1601372       453423.656    
   10.1701374       453350.031    
   10.1801376       453271.969    
   10.1901379       453189.656    
   10.2001381       453102.875    
   10.2101383       453011.844    
   10.2201385       452916.406    
   10.2301388       452816.656    
   10.2401390       452712.656    
   10.2501392       452604.344    
   10.2601395       452491.781    
   10.2701397       452374.875    
   10.2801399       452253.750    
   10.2901402       452128.469    
   10.3001404       451998.875    
   10.3101406       451864.938    
   10.3201408       451727.000    
   10.3301411       451584.719    
   10.3401413       451438.406    
   10.3501415       451287.719    
   10.3601418       451132.969    
   10.3701420       450974.156    
   10.3801422       450811.031    
   10.3901424       450643.969    
   10.4001427       450472.531    
   10.4101429       450297.312    
   10.4201431       450117.781    
   10.4301434       449934.219    
   10.4401436       449746.656    
   10.4501438       449555.062    
   10.4601440       449359.344    
   10.4701443       449159.688    
   10.4801445       448956.000    
   10.4901447       448748.344    
   10.5001450       448536.656    
   10.5101452       448320.969    
   10.5201454       448101.469    
   10.5301456       447877.844    
   10.5401459       447650.406    
   10.5501461       447419.062    
   10.5601463       447183.875    
   10.5701466       446944.656    
   10.5801468       446701.656    
   10.5901470       446454.781    
   10.6001472       446204.031    
   10.6101475       445949.500    
   10.6201477       445691.156    
   10.6301479       445429.031    
   10.6401482       445163.094    
   10.6501484       444893.281    
   10.6601486       444619.938    
   10.6701488       444342.625    
   10.6801491       444061.656    
   10.6901493       443777.000    
   10.7001495       443488.719    
   10.7101498       443196.625    
   10.7201500       442900.969    
   10.7301502       442601.625    
   10.7401505       442298.594    
   10.7501507       441992.031    
   10.7601509       441681.750    
   10.7701511       441367.906    
   10.7801514       441050.500    
   10.7901516       440729.500    
   10.8001518       440404.969    
   10.8101521       440077.031    
   10.8201523       439745.500    
   10.8301525       439410.406    
   10.8401527       439071.688    
   10.8501530       438729.750    
   10.8601532       438384.156    
   10.8701534       438035.219    
   10.8801537       437682.938    
   10.8901539       437327.156    
   10.9001541       436968.031    
   10.9101543       436605.469    
   10.9201546       436239.562    
   10.9301548       435870.250    
   10.9401550       435497.594    
   10.9501553       435121.719    
   10.9601555       434742.500    
   10.9701557       434359.938    
   10.9801559       433974.281    
   10.9901562       433585.156    
   11.0001564       433192.969    
   11.0101566       432797.406    
   11.0201569       432398.781    
   11.0301571       431996.969    
   11.0401573       431591.812    
   11.0501575       431183.594    
   11.0601578       430772.188    
   11.0701580       430357.781    
   11.0801582       429940.125    
   11.0901585       429519.531    
   11.1001587       429095.750    
   11.1101589       428668.875    
   11.1201591       428239.031    
   11.1301594       427806.156    
   11.1401596       427370.250    
   11.1501598       426931.344    
   11.1601601       426489.438    
   11.1701603       426044.656    
   11.1801605       425596.781    
   11.1901608       425146.062    
   11.2001610       424692.406    
   11.2101612       424235.938    
   11.2201614       423776.438    
   11.2301617       423314.219    
   11.2401619       422849.094    
   11.2501621       422381.094    
   11.2601624       421910.344    
   11.2701626       421436.688    
   11.2801628       420960.344    
   11.2901630       420481.219    
   11.3001633       419999.312    
   11.3101635       419514.781    
   11.3201637       419027.375    
   11.3301640       418537.469    
   11.3401642       418044.625    
   11.3501644       417549.344    
   11.3601646       417051.312    
   11.3701649       416550.750    
   11.3801651       416047.406    
   11.3901653       415541.531    
   11.4001656       415032.969    
   11.4101658       414521.844    
   11.4201660       414008.406    
   11.4301662       413492.156    
   11.4401665       412973.625    
   11.4501667       412452.500    
   11.4601669       411928.688    
   11.4701672       411402.594    
   11.4801674       410874.281    
   11.4901676       410343.188    
   11.5001678       409809.812    
   11.5101681       409273.906    
   11.5201683       408735.812    
   11.5301685       408195.438    
   11.5401688       407652.344    
   11.5501690       407107.094    
   11.5601692       406559.562    
   11.5701694       406009.750    
   11.5801697       405457.594    
   11.5901699       404903.000    
   11.6001701       404346.594    
   11.6101704       403787.500    
   11.6201706       403226.562    
   11.6301708       402663.312    
   11.6401711       402097.625    
   11.6501713       401529.969    
   11.6601715       400960.125    
   11.6701717       400388.062    
   11.6801720       399814.156    
   11.6901722       399237.938    
   11.7001724       398659.531    
   11.7101727       398079.312    
   11.7201729       397497.031    
   11.7301731       396912.375    
   11.7401733       396326.000    
   11.7501736       395737.500    
   11.7601738       395147.031    
   11.7701740       394554.812    
   11.7801743       393960.344    
   11.7901745       393363.969    
   11.8001747       392765.750    
   11.8101749       392165.469    
   11.8201752       391563.500    
   11.8301754       390959.594    
   11.8401756       390353.875    
   11.8501759       389746.250    
   11.8601761       389136.781    
   11.8701763       388525.656    
   11.8801765       387912.562    
   11.8901768       387297.656    
   11.9001770       386681.188    
   11.9101772       386062.875    
   11.9201775       385442.906    
   11.9301777       384820.938    
   11.9401779       384197.688    
   11.9501781       383572.500    
   11.9601784       382945.656    
   11.9701786       382317.125    
   11.9801788       381687.125    
   11.9901791       381055.281    
   12.0001793       380422.094    
   12.0101795       379787.219    
   12.0201797       379150.781    
   12.0301800       378512.812    
   12.0401802       377873.219    
   12.0501804       377232.125    
   12.0601807       376589.438    
   12.0701809       375945.469    
   12.0801811       375299.844    
   12.0901814       374652.875    
   12.1001816       374004.500    
   12.1101818       373354.656    
   12.1201820       372703.406    
   12.1301823       372050.719    
   12.1401825       371396.562    
   12.1501827       370741.125    
   12.1601830       370084.406    
   12.1701832       369426.250    
   12.1801834       368766.844    
   12.1901836       368105.969    
   12.2001839       367444.000    
   12.2101841       366780.688    
   12.2201843       366116.125    
   12.2301846       365450.344    
   12.2401848       364783.406    
   12.2501850       364115.094    
   12.2601852       363445.781    
   12.2701855       362775.031    
   12.2801857       362103.312    
   12.2901859       361430.406    
   12.3001862       360756.375    
   12.3101864       360081.125    
   12.3201866       359404.812    
   12.3301868       358727.344    
   12.3401871       358048.812    
   12.3501873       357369.375    
   12.3601875       356688.656    
   12.3701878       356007.094    
   12.3801880       355324.438    
   12.3901882       354640.844    
   12.4001884       353956.188    
   12.4101887       353270.562    
   12.4201889       352583.875    
   12.4301891       351896.312    
   12.4401894       351208.000    
   12.4501896       350518.531    
   12.4601898       349828.312    
   12.4701900       349137.156    
   12.4801903       348444.969    
   12.4901905       347752.031    
   12.5001907       347058.438    
   12.5101910       346363.844    
   12.5201912       345668.406    
   12.5301914       344972.125    
   12.5401917       344275.219    
   12.5501919       343577.344    
   12.5601921       342878.844    
   12.5701923       342179.562    
   12.5801926       341479.531    
   12.5901928       340778.781    
   12.6001930       340077.312    
   12.6101933       339375.125    
   12.6201935       338672.344    
   12.6301937       337968.812    
   12.6401939       337264.719    
   12.6501942       336560.031    
   12.6601944       335854.438    
   12.6701946       335148.406    
   12.6801949       334441.812    
   12.6901951       333734.562    
   12.7001953       333026.906    
   12.7101955       332318.531    
   12.7201958       331609.562    
   12.7301960       330900.219    
   12.7401962       330190.312    
   12.7501965       329479.750    
   12.7601967       328768.844    
   12.7701969       328057.406    
   12.7801971       327345.500    
   12.7901974       326633.156    
   12.8001976       325920.469    
   12.8101978       325207.156    
   12.8201981       324493.625    
   12.8301983       323779.438    
   12.8401985       323065.094    
   12.8501987       322350.250    
   12.8601990       321635.094    
   12.8701992       320919.594    
   12.8801994       320203.656    
   12.8901997       319487.438    
   12.9001999       318771.031    
   12.9102001       318054.125    
   12.9202003       317337.062    
   12.9302006       316619.719    
   12.9402008       315901.938    
   12.9502010       315184.000    
   12.9602013       314465.844    
   12.9702015       313747.469    
   12.9802017       313028.938    
   12.9902020       312310.062    
   13.0002022       311591.125    
   13.0102024       310871.812    
   13.0202026       310152.562    
   13.0302029       309433.031    
   13.0402031       308713.250    
   13.0502033       307993.344    
   13.0602036       307273.594    
   13.0702038       306553.469    
   13.0802040       305833.312    
   13.0902042       305113.062    
   13.1002045       304392.656    
   13.1102047       303672.344    
   13.1202049       302951.781    
   13.1302052       302231.312    
   13.1402054       301510.719    
   13.1502056       300790.156    
   13.1602058       300069.688    
   13.1702061       299349.062    
   13.1802063       298628.438    
   13.1902065       297907.938    
   13.2002068       297187.375    
   13.2102070       296466.906    
   13.2202072       295746.438    
   13.2302074       295026.094    
   13.2402077       294305.844    
   13.2502079       293585.562    
   13.2602081       292865.469    
   13.2702084       292145.531    
   13.2802086       291425.562    
   13.2902088       290705.812    
   13.3002090       289986.125    
   13.3102093       289266.625    
   13.3202095       288547.312    
   13.3302097       287828.156    
   13.3402100       287109.125    
   13.3502102       286390.406    
   13.3602104       285671.781    
   13.3702106       284953.312    
   13.3802109       284235.219    
   13.3902111       283517.281    
   13.4002113       282799.469    
   13.4102116       282082.000    
   13.4202118       281364.781    
   13.4302120       280647.812    
   13.4402122       279931.188    
   13.4502125       279214.781    
   13.4602127       278498.688    
   13.4702129       277782.875    
   13.4802132       277067.281    
   13.4902134       276352.219    
   13.5002136       275637.375    
   13.5102139       274922.906    
   13.5202141       274208.750    
   13.5302143       273494.906    
   13.5402145       272781.500    
   13.5502148       272068.531    
   13.5602150       271355.844    
   13.5702152       270643.594    
   13.5802155       269931.812    
   13.5902157       269220.375    
   13.6002159       268509.219    
   13.6102161       267798.656    
   13.6202164       267088.562    
   13.6302166       266378.844    
   13.6402168       265669.531    
   13.6502171       264960.875    
   13.6602173       264252.469    
   13.6702175       263544.656    
   13.6802177       262837.312    
   13.6902180       262130.547    
   13.7002182       261424.172    
   13.7102184       260718.281    
   13.7202187       260012.984    
   13.7302189       259308.203    
   13.7402191       258604.016    
   13.7502193       257900.250    
   13.7602196       257197.203    
   13.7702198       256494.625    
   13.7802200       255792.656    
   13.7902203       255091.266    
   13.8002205       254390.406    
   13.8102207       253690.125    
   13.8202209       252990.453    
   13.8302212       252291.516    
   13.8402214       251593.000    
   13.8502216       250895.281    
   13.8602219       250198.031    
   13.8702221       249501.547    
   13.8802223       248805.609    
   13.8902225       248110.422    
   13.9002228       247415.859    
   13.9102230       246721.984    
   13.9202232       246028.719    
   13.9302235       245336.297    
   13.9402237       244644.359    
   13.9502239       243953.219    
   13.9602242       243262.734    
   13.9702244       242573.031    
   13.9802246       241884.000    
   13.9902248       241195.656    
   14.0002251       240508.062    
   14.0102253       239821.219    
   14.0202255       239135.156    
   14.0302258       238449.781    
   14.0402260       237765.188    
   14.0502262       237081.406    
   14.0602264       236398.344    
   14.0702267       235716.078    
   14.0802269       235034.531    
   14.0902271       234353.844    
   14.1002274       233673.906    
   14.1102276       232994.797    
   14.1202278       232316.469    
   14.1302280       231639.000    
   14.1402283       230962.312    
   14.1502285       230286.469    
   14.1602287       229611.500    
   14.1702290       228937.250    
   14.1802292       228263.922    
   14.1902294       227591.406    
   14.2002296       226919.688    
   14.2102299       226248.969    
   14.2202301       225579.094    
   14.2302303       224909.984    
   14.2402306       224241.828    
   14.2502308       223574.562    
   14.2602310       222908.172    
   14.2702312       222242.641    
   14.2802315       221578.109    
   14.2902317       220914.359    
   14.3002319       220251.531    
   14.3102322       219589.688    
   14.3202324       218928.750    
   14.3302326       218268.656    
   14.3402328       217609.562    
   14.3502331       216951.391    
   14.3602333       216294.172    
   14.3702335       215637.922    
   14.3802338       214982.547    
   14.3902340       214328.188    
   14.4002342       213674.812    
   14.4102345       213022.406    
   14.4202347       212370.828    
   14.4302349       211720.328    
   14.4402351       211070.781    
   14.4502354       210422.234    
   14.4602356       209774.734    
   14.4702358       209128.156    
   14.4802361       208482.578    
   14.4902363       207838.062    
   14.5002365       207194.516    
   14.5102367       206551.891    
   14.5202370       205910.391    
   14.5302372       205269.859    
   14.5402374       204630.359    
   14.5502377       203991.906    
   14.5602379       203354.500    
   14.5702381       202718.062    
   14.5802383       202082.703    
   14.5902386       201448.422    
   14.6002388       200815.156    
   14.6102390       200182.969    
   14.6202393       199551.734    
   14.6302395       198921.688    
   14.6402397       198292.641    
   14.6502399       197664.656    
   14.6602402       197037.750    
   14.6702404       196411.969    
   14.6802406       195787.172    
   14.6902409       195163.516    
   14.7002411       194540.953    
   14.7102413       193919.453    
   14.7202415       193299.062    
   14.7302418       192679.734    
   14.7402420       192061.516    
   14.7502422       191444.375    
   14.7602425       190828.438    
   14.7702427       190213.500    
   14.7802429       189599.750    
   14.7902431       188987.109    
   14.8002434       188375.578    
   14.8102436       187765.141    
   14.8202438       187155.875    
   14.8302441       186547.672    
   14.8402443       185940.625    
   14.8502445       185334.766    
   14.8602448       184729.953    
   14.8702450       184126.328    
   14.8802452       183523.828    
   14.8902454       182922.500    
   14.9002457       182322.312    
   14.9102459       181723.234    
   14.9202461       181125.344    
   14.9302464       180528.656    
   14.9402466       179933.078    
   14.9502468       179338.656    
   14.9602470       178745.438    
   14.9702473       178153.359    
   14.9802475       177562.438    
   14.9902477       176972.641    
   15.0002480       176384.156    
   15.0102482       175796.750    
   15.0202484       175210.531    
   15.0302486       174625.453    
   15.0402489       174041.656    
   15.0502491       173458.938    
   15.0602493       172877.516    
   15.0702496       172297.219    
   15.0802498       171718.125    
   15.0902500       171140.234    
   15.1002502       170563.500    
   15.1102505       169987.984    
   15.1202507       169413.656    
   15.1302509       168840.594    
   15.1402512       168268.641    
   15.1502514       167698.000    
   15.1602516       167128.500    
   15.1702518       166560.188    
   15.1802521       165993.125    
   15.1902523       165427.250    
   15.2002525       164862.656    
   15.2102528       164299.219    
   15.2202530       163736.984    
   15.2302532       163176.016    
   15.2402534       162616.219    
   15.2502537       162057.688    
   15.2602539       161500.391    
   15.2702541       160944.297    
   15.2802544       160389.406    
   15.2902546       159835.750    
   15.3002548       159283.344    
   15.3102551       158732.188    
   15.3202553       158182.219    
   15.3302555       157633.516    
   15.3402557       157086.016    
   15.3502560       156539.781    
   15.3602562       155994.766    
   15.3702564       155451.031    
   15.3802567       154908.500    
   15.3902569       154367.188    
   15.4002571       153827.172    
   15.4102573       153288.359    
   15.4202576       152750.812    
   15.4302578       152214.484    
   15.4402580       151679.406    
   15.4502583       151145.609    
   15.4602585       150613.047    
   15.4702587       150081.703    
   15.4802589       149551.625    
   15.4902592       149022.844    
   15.5002594       148495.234    
   15.5102596       147968.953    
   15.5202599       147443.844    
   15.5302601       146920.047    
   15.5402603       146397.484    
   15.5502605       145876.188    
   15.5602608       145356.125    
   15.5702610       144837.328    
   15.5802612       144319.781    
   15.5902615       143803.531    
   15.6002617       143288.469    
   15.6102619       142774.734    
   15.6202621       142262.188    
   15.6302624       141750.938    
   15.6402626       141240.953    
   15.6502628       140732.219    
   15.6602631       140224.750    
   15.6702633       139718.531    
   15.6802635       139213.594    
   15.6902637       138709.891    
   15.7002640       138207.469    
   15.7102642       137706.328    
   15.7202644       137206.375    
   15.7302647       136707.766    
   15.7402649       136210.359    
   15.7502651       135714.234    
   15.7602654       135219.406    
   15.7702656       134725.797    
   15.7802658       134233.453    
   15.7902660       133742.391    
   15.8002663       133252.562    
   15.8102665       132764.016    
   15.8202667       132276.734    
   15.8302670       131790.703    
   15.8402672       131305.953    
   15.8502674       130822.438    
   15.8602676       130340.227    
   15.8702679       129859.234    
   15.8802681       129379.523    
   15.8902683       128901.062    
   15.9002686       128423.859    
   15.9102688       127947.945    
   15.9202690       127473.250    
   15.9302692       126999.844    
   15.9402695       126527.680    
   15.9502697       126056.766    
   15.9602699       125587.133    
   15.9702702       125118.758    
   15.9802704       124651.656    
   15.9902706       124185.766    
   16.0002708       123721.164    
   16.0102711       123257.773    
   16.0202713       122795.695    
   16.0302715       122334.875    
   16.0402718       121875.289    
   16.0502720       121416.984    
   16.0602722       120959.906    
   16.0702724       120504.086    
   16.0802727       120049.516    
   16.0902729       119596.180    
   16.1002731       119144.078    
   16.1102734       118693.297    
   16.1202736       118243.742    
   16.1302738       117795.453    
   16.1402740       117348.398    
   16.1502743       116902.578    
   16.1602745       116458.016    
   16.1702747       116014.672    
   16.1802750       115572.594    
   16.1902752       115131.727    
   16.2002754       114692.133    
   16.2102757       114253.828    
   16.2202759       113816.734    
   16.2302761       113380.898    
   16.2402763       112946.242    
   16.2502766       112512.867    
   16.2602768       112080.711    
   16.2702770       111649.812    
   16.2802773       111220.141    
   16.2902775       110791.695    
   16.3002777       110364.516    
   16.3102779       109938.555    
   16.3202782       109513.789    
   16.3302784       109090.250    
   16.3402786       108667.992    
   16.3502789       108246.945    
   16.3602791       107827.148    
   16.3702793       107408.578    
   16.3802795       106991.227    
   16.3902798       106575.078    
   16.4002800       106160.141    
   16.4102802       105746.469    
   16.4202805       105333.969    
   16.4302807       104922.750    
   16.4402809       104512.695    
   16.4502811       104103.891    
   16.4602814       103696.266    
   16.4702816       103289.883    
   16.4802818       102884.750    
   16.4902821       102480.789    
   16.5002823       102077.992    
   16.5102825       101676.453    
   16.5202827       101276.141    
   16.5302830       100876.992    
   16.5402832       100479.086    
   16.5502834       100082.398    
   16.5602837       99686.8281    
   16.5702839       99292.5547    
   16.5802841       98899.4297    
   16.5902843       98507.5391    
   16.6002846       98116.7969    
   16.6102848       97727.2422    
   16.6202850       97338.9688    
   16.6302853       96951.7734    
   16.6402855       96565.8672    
   16.6502857       96181.1094    
   16.6602859       95797.5078    
   16.6702862       95415.1250    
   16.6802864       95033.9375    
   16.6902866       94653.9297    
   16.7002869       94275.0469    
   16.7102871       93897.4297    
   16.7202873       93520.9141    
   16.7302876       93145.6328    
   16.7402878       92771.5156    
   16.7502880       92398.5312    
   16.7602882       92026.7656    
   16.7702885       91656.1641    
   16.7802887       91286.7109    
   16.7902889       90918.3906    
   16.8002892       90551.3203    
   16.8102894       90185.3281    
   16.8202896       89820.5703    
   16.8302898       89456.9297    
   16.8402901       89094.4531    
   16.8502903       88733.1172    
   16.8602905       88372.9688    
   16.8702908       88013.9609    
   16.8802910       87656.0703    
   16.8902912       87299.3828    
   16.9002914       86943.7969    
   16.9102917       86589.3906    
   16.9202919       86236.0859    
   16.9302921       85883.9766    
   16.9402924       85532.9766    
   16.9502926       85183.0859    
   16.9602928       84834.3672    
   16.9702930       84486.7812    
   16.9802933       84140.3125    
   16.9902935       83795.0078    
   17.0002937       83450.7734    
   17.0102940       83107.7188    
   17.0202942       82765.7656    
   17.0302944       82424.9219    
   17.0402946       82085.2344    
   17.0502949       81746.6562    
   17.0602951       81409.1797    
   17.0702953       81072.8281    
   17.0802956       80737.6016    
   17.0902958       80403.4609    
   17.1002960       80070.4375    
   17.1102962       79738.4922    
   17.1202965       79407.6797    
   17.1302967       79077.9531    
   17.1402969       78749.3281    
   17.1502972       78421.8438    
   17.1602974       78095.4297    
   17.1702976       77770.1094    
   17.1802979       77445.8672    
   17.1902981       77122.7422    
   17.2002983       76800.6797    
   17.2102985       76479.7109    
   17.2202988       76159.8594    
   17.2302990       75841.0703    
   17.2402992       75523.3281    
   17.2502995       75206.7266    
   17.2602997       74891.1328    
   17.2702999       74576.6250    
   17.2803001       74263.2188    
   17.2903004       73950.8906    
   17.3003006       73639.6172    
   17.3103008       73329.3828    
   17.3203011       73020.2266    
   17.3303013       72712.1484    
   17.3403015       72405.1172    
   17.3503017       72099.1172    
   17.3603020       71794.2188    
   17.3703022       71490.3203    
   17.3803024       71187.5234    
   17.3903027       70885.7656    
   17.4003029       70585.0234    
   17.4103031       70285.3359    
   17.4203033       69986.7188    
   17.4303036       69689.1094    
   17.4403038       69392.5234    
   17.4503040       69097.0156    
   17.4603043       68802.5000    
   17.4703045       68509.0547    
   17.4803047       68216.6172    
   17.4903049       67925.1953    
   17.5003052       67634.7969    
   17.5103054       67345.4531    
   17.5203056       67057.1094    
   17.5303059       66769.7578    
   17.5403061       66483.4297    
   17.5503063       66198.1406    
   17.5603065       65913.8750    
   17.5703068       65630.5625    
   17.5803070       65348.2891    
   17.5903072       65067.0195    
   17.6003075       64786.7305    
   17.6103077       64507.4531    
   17.6203079       64229.1875    
   17.6303082       63951.9062    
   17.6403084       63675.6172    
   17.6503086       63400.3008    
   17.6603088       63126.0039    
   17.6703091       62852.6914    
   17.6803093       62580.3164    
   17.6903095       62308.9648    
   17.7003098       62038.5664    
   17.7103100       61769.1797    
   17.7203102       61500.7383    
   17.7303104       61233.2734    
   17.7403107       60966.7695    
   17.7503109       60701.2539    
   17.7603111       60436.6797    
   17.7703114       60173.0781    
   17.7803116       59910.4219    
   17.7903118       59648.7695    
   17.8003120       59388.0195    
   17.8103123       59128.2383    
   17.8203125       58869.4258    
   17.8303127       58611.5469    
   17.8403130       58354.6172    
   17.8503132       58098.6172    
   17.8603134       57843.5742    
   17.8703136       57589.4844    
   17.8803139       57336.3125    
   17.8903141       57084.0625    
   17.9003143       56832.7852    
   17.9103146       56582.3945    
   17.9203148       56332.9648    
   17.9303150       56084.4219    
   17.9403152       55836.8359    
   17.9503155       55590.1680    
   17.9603157       55344.3945    
   17.9703159       55099.5508    
   17.9803162       54855.6250    
   17.9903164       54612.6055    
   18.0003166       54370.5039    
   18.0103168       54129.2891    
   18.0203171       53888.9922    
   18.0303173       53649.5898    
   18.0403175       53411.0938    
   18.0503178       53173.4805    
   18.0603180       52936.7656    
   18.0703182       52700.9570    
   18.0803185       52466.0391    
   18.0903187       52232.0039    
   18.1003189       51998.8438    
   18.1103191       51766.5742    
   18.1203194       51535.1719    
   18.1303196       51304.6680    
   18.1403198       51075.0195    
   18.1503201       50846.2617    
   18.1603203       50618.3750    
   18.1703205       50391.3516    
   18.1803207       50165.1797    
   18.1903210       49939.8984    
   18.2003212       49715.4492    
   18.2103214       49491.8906    
   18.2203217       49269.1836    
   18.2303219       49047.3047    
   18.2403221       48826.3008    
   18.2503223       48606.1484    
   18.2603226       48386.8320    
   18.2703228       48168.3555    
   18.2803230       47950.7227    
   18.2903233       47733.9414    
   18.3003235       47517.9922    
   18.3103237       47302.8828    
   18.3203239       47088.6211    
   18.3303242       46875.1719    
   18.3403244       46662.5469    
   18.3503246       46450.7539    
   18.3603249       46239.7930    
   18.3703251       46029.6406    
   18.3803253       45820.3164    
   18.3903255       45611.8008    
   18.4003258       45404.1133    
   18.4103260       45197.2266    
   18.4203262       44991.1484    
   18.4303265       44785.8945    
   18.4403267       44581.4297    
   18.4503269       44377.7578    
   18.4603271       44174.9219    
   18.4703274       43972.8477    
   18.4803276       43771.6016    
   18.4903278       43571.1172    
   18.5003281       43371.4531    
   18.5103283       43172.5625    
   18.5203285       42974.4531    
   18.5303288       42777.1367    
   18.5403290       42580.6094    
   18.5503292       42384.8477    
   18.5603294       42189.8750    
   18.5703297       41995.6641    
   18.5803299       41802.2383    
   18.5903301       41609.5664    
   18.6003304       41417.6797    
   18.6103306       41226.5391    
   18.6203308       41036.1758    
   18.6303310       40846.5820    
   18.6403313       40657.7422    
   18.6503315       40469.6562    
   18.6603317       40282.3203    
   18.6703320       40095.7461    
   18.6803322       39909.9062    
   18.6903324       39724.8203    
   18.7003326       39540.4961    
   18.7103329       39356.8984    
   18.7203331       39174.0391    
   18.7303333       38991.9180    
   18.7403336       38810.5469    
   18.7503338       38629.8945    
   18.7603340       38449.9844    
   18.7703342       38270.7891    
   18.7803345       38092.3359    
   18.7903347       37914.6094    
   18.8003349       37737.5938    
   18.8103352       37561.2891    
   18.8203354       37385.7188    
   18.8303356       37210.8672    
   18.8403358       37036.7188    
   18.8503361       36863.2852    
   18.8603363       36690.5547    
   18.8703365       36518.5430    
   18.8803368       36347.2227    
   18.8903370       36176.6133    
   18.9003372       36006.7070    
   18.9103374       35837.4883    
   18.9203377       35668.9805    
   18.9303379       35501.1484    
   18.9403381       35334.0156    
   18.9503384       35167.5664    
   18.9603386       35001.8125    
   18.9703388       34836.7305    
   18.9803391       34672.3359    
   18.9903393       34508.6328    
   19.0003395       34345.5938    
   19.0103397       34183.2266    
   19.0203400       34021.5508    
   19.0303402       33860.5273    
   19.0403404       33700.1914    
   19.0503407       33540.5039    
   19.0603409       33381.5000    
   19.0703411       33223.1445    
   19.0803413       33065.4492    
   19.0903416       32908.4141    
   19.1003418       32752.0371    
   19.1103420       32596.3105    
   19.1203423       32441.2480    
   19.1303425       32286.8242    
   19.1403427       32133.0430    
   19.1503429       31979.9082    
   19.1603432       31827.4258    
   19.1703434       31675.5859    
   19.1803436       31524.3789    
   19.1903439       31373.7930    
   19.2003441       31223.8574    
   19.2103443       31074.5566    
   19.2203445       30925.8789    
   19.2303448       30777.8359    
   19.2403450       30630.4258    
   19.2503452       30483.6191    
   19.2603455       30337.4473    
   19.2703457       30191.8867    
   19.2803459       30046.9570    
   19.2903461       29902.6270    
   19.3003464       29758.9102    
   19.3103466       29615.8242    
   19.3203468       29473.3203    
   19.3303471       29331.4453    
   19.3403473       29190.1699    
   19.3503475       29049.4922    
   19.3603477       28909.4141    
   19.3703480       28769.9414    
   19.3803482       28631.0664    
   19.3903484       28492.7812    
   19.4003487       28355.0859    
   19.4103489       28217.9902    
   19.4203491       28081.4727    
   19.4303493       27945.5488    
   19.4403496       27810.1992    
   19.4503498       27675.4414    
   19.4603500       27541.2656    
   19.4703503       27407.6602    
   19.4803505       27274.6387    
   19.4903507       27142.1875    
   19.5003510       27010.3086    
   19.5103512       26878.9980    
   19.5203514       26748.2559    
   19.5303516       26618.0762    
   19.5403519       26488.4648    
   19.5503521       26359.4219    
   19.5603523       26230.9297    
   19.5703526       26102.9941    
   19.5803528       25975.6250    
   19.5903530       25848.7988    
   19.6003532       25722.5332    
   19.6103535       25596.8086    
   19.6203537       25471.6426    
   19.6303539       25347.0195    
   19.6403542       25222.9375    
   19.6503544       25099.3965    
   19.6603546       24976.4082    
   19.6703548       24853.9453    
   19.6803551       24732.0234    
   19.6903553       24610.6367    
   19.7003555       24489.7832    
   19.7103558       24369.4609    
   19.7203560       24249.6562    
   19.7303562       24130.3945    
   19.7403564       24011.6523    
   19.7503567       23893.4336    
   19.7603569       23775.7324    
   19.7703571       23658.5527    
   19.7803574       23541.8887    
   19.7903576       23425.7461    
   19.8003578       23310.1055    
   19.8103580       23194.9844    
   19.8203583       23080.3652    
   19.8303585       22966.2695    
   19.8403587       22852.6641    
   19.8503590       22739.5703    
   19.8603592       22626.9785    
   19.8703594       22514.8848    
   19.8803596       22403.2910    
   19.8903599       22292.1914    
   19.9003601       22181.5938    
   19.9103603       22071.4883    
   19.9203606       21961.8672    
   19.9303608       21852.7344    
   19.9403610       21744.0996    
   19.9503613       21635.9414    
   19.9603615       21528.2695    
   19.9703617       21421.0801    
   19.9803619       21314.3770    
   19.9903622       21208.1484    
   20.0003624       21102.3887    
   20.0103626       20997.1094    
   20.0203629       20892.3105    
   20.0303631       20787.9727    
   20.0403633       20684.0996    
   20.0503635       20580.7070    
   20.0603638       20477.7695    
   20.0703640       20375.3066    
   20.0803642       20273.3047    
   20.0903645       20171.7559    
   20.1003647       20070.6719    
   20.1103649       19970.0469    
   20.1203651       19869.8691    
   20.1303654       19770.1465    
   20.1403656       19670.8867    
   20.1503658       19572.0645    
   20.1603661       19473.6973    
   20.1703663       19375.7754    
   20.1803665       19278.2969    
   20.1903667       19181.2617    
   20.2003670       19084.6738    
   20.2103672       18988.5215    
   20.2203674       18892.8027    
   20.2303677       18797.5215    
   20.2403679       18702.6836    
   20.2503681       18608.2773    
   20.2603683       18514.2930    
   20.2703686       18420.7500    
   20.2803688       18327.6309    
   20.2903690       18234.9297    
   20.3003693       18142.6621    
   20.3103695       18050.8184    
   20.3203697       17959.3906    
   20.3303699       17868.3867    
   20.3403702       17777.7949    
   20.3503704       17687.6270    
   20.3603706       17597.8730    
   20.3703709       17508.5273    
   20.3803711       17419.5996    
   20.3903713       17331.0801    
   20.4003716       17242.9688    
   20.4103718       17155.2617    
   20.4203720       17067.9629    
   20.4303722       16981.0645    
   20.4403725       16894.5703    
   20.4503727       16808.4727    
   20.4603729       16722.7773    
   20.4703732       16637.4746    
   20.4803734       16552.5703    
   20.4903736       16468.0645    
   20.5003738       16383.9463    
   20.5103741       16300.2236    
   20.5203743       16216.8867    
   20.5303745       16133.9355    
   20.5403748       16051.3721    
   20.5503750       15969.1934    
   20.5603752       15887.4023    
   20.5703754       15805.9873    
   20.5803757       15724.9531    
   20.5903759       15644.3018    
   20.6003761       15564.0215    
   20.6103764       15484.1211    
   20.6203766       15404.5879    
   20.6303768       15325.4385    
   20.6403770       15246.6514    
   20.6503773       15168.2334    
   20.6603775       15090.1846    
   20.6703777       15012.5049    
   20.6803780       14935.1875    
   20.6903782       14858.2324    
   20.7003784       14781.6445    
   20.7103786       14705.4111    
   20.7203789       14629.5439    
   20.7303791       14554.0273    
   20.7403793       14478.8672    
   20.7503796       14404.0664    
   20.7603798       14329.6191    
   20.7703800       14255.5176    
   20.7803802       14181.7676    
   20.7903805       14108.3721    
   20.8003807       14035.3164    
   20.8103809       13962.6152    
   20.8203812       13890.2539    
   20.8303814       13818.2314    
   20.8403816       13746.5576    
   20.8503819       13675.2227    
   20.8603821       13604.2227    
   20.8703823       13533.5615    
   20.8803825       13463.2441    
   20.8903828       13393.2490    
   20.9003830       13323.5977    
   20.9103832       13254.2744    
   20.9203835       13185.2783    
   20.9303837       13116.6152    
   20.9403839       13048.2764    
   20.9503841       12980.2705    
   20.9603844       12912.5840    
   20.9703846       12845.2217    
   20.9803848       12778.1836    
   20.9903851       12711.4658    
   21.0003853       12645.0674    
   21.0103855       12578.9893    
   21.0203857       12513.2275    
   21.0303860       12447.7783    
   21.0403862       12382.6436    
   21.0503864       12317.8281    
   21.0603867       12253.3164    
   21.0703869       12189.1211    
   21.0803871       12125.2314    
   21.0903873       12061.6514    
   21.1003876       11998.3740    
   21.1103878       11935.4053    
   21.1203880       11872.7412    
   21.1303883       11810.3779    
   21.1403885       11748.3115    
   21.1503887       11686.5498    
   21.1603889       11625.0889    
   21.1703892       11563.9219    
   21.1803894       11503.0537    
   21.1903896       11442.4814    
   21.2003899       11382.2012    
   21.2103901       11322.2090    
   21.2203903       11262.5127    
   21.2303905       11203.1064    
   21.2403908       11143.9844    
   21.2503910       11085.1553    
   21.2603912       11026.6074    
   21.2703915       10968.3486    
   21.2803917       10910.3711    
   21.2903919       10852.6768    
   21.3003922       10795.2617    
   21.3103924       10738.1279    
   21.3203926       10681.2764    
   21.3303928       10624.7002    
   21.3403931       10568.3994    
   21.3503933       10512.3750    
   21.3603935       10456.6240    
   21.3703938       10401.1445    
   21.3803940       10345.9385    
   21.3903942       10291.0010    
   21.4003944       10236.3350    
   21.4103947       10181.9385    
   21.4203949       10127.8076    
   21.4303951       10073.9424    
   21.4403954       10020.3408    
   21.4503956       9967.00488    
   21.4603958       9913.92871    
   21.4703960       9861.11523    
   21.4803963       9808.55957    
   21.4903965       9756.26465    
   21.5003967       9704.22949    
   21.5103970       9652.44922    
   21.5203972       9600.92578    
   21.5303974       9549.65430    
   21.5403976       9498.63867    
   21.5503979       9447.87305    
   21.5603981       9397.36035    
   21.5703983       9347.09473    
   21.5803986       9297.08008    
   21.5903988       9247.31445    
   21.6003990       9197.79492    
   21.6103992       9148.51855    
   21.6203995       9099.48730    
   21.6303997       9050.70117    
   21.6403999       9002.15625    
   21.6504002       8953.85352    
   21.6604004       8905.79004    
   21.6704006       8857.96484    
   21.6804008       8810.38184    
   21.6904011       8763.03223    
   21.7004013       8715.91699    
   21.7104015       8669.03809    
   21.7204018       8622.39453    
   21.7304020       8575.98242    
   21.7404022       8529.80273    
   21.7504025       8483.85547    
   21.7604027       8438.13574    
   21.7704029       8392.64355    
   21.7804031       8347.37988    
   21.7904034       8302.34570    
   21.8004036       8257.53418    
   21.8104038       8212.94727    
   21.8204041       8168.58545    
   21.8304043       8124.44482    
   21.8404045       8080.52490    
   21.8504047       8036.82715    
   21.8604050       7993.35059    
   21.8704052       7950.09033    
   21.8804054       7907.04688    
   21.8904057       7864.21924    
   21.9004059       7821.61084    
   21.9104061       7779.21484    
   21.9204063       7737.03418    
   21.9304066       7695.06348    
   21.9404068       7653.30664    
   21.9504070       7611.76172    
   21.9604073       7570.42480    
   21.9704075       7529.29443    
   21.9804077       7488.37744    
   21.9904079       7447.66309    
   22.0004082       7407.15820    
   22.0104084       7366.85400    
   22.0204086       7326.75830    
   22.0304089       7286.86328    
   22.0404091       7247.16992    
   22.0504093       7207.67969    
   22.0604095       7168.38965    
   22.0704098       7129.29932    
   22.0804100       7090.40576    
   22.0904102       7051.71240    
   22.1004105       7013.21387    
   22.1104107       6974.91309    
   22.1204109       6936.80664    
   22.1304111       6898.89209    
   22.1404114       6861.17236    
   22.1504116       6823.64697    
   22.1604118       6786.31055    
   22.1704121       6749.16455    
   22.1804123       6712.20996    
   22.1904125       6675.44141    
   22.2004128       6638.86426    
   22.2104130       6602.47266    
   22.2204132       6566.26611    
   22.2304134       6530.24609    
   22.2404137       6494.40918    
   22.2504139       6458.75830    
   22.2604141       6423.28711    
   22.2704144       6387.99902    
   22.2804146       6352.89307    
   22.2904148       6317.96631    
   22.3004150       6283.21973    
   22.3104153       6248.65234    
   22.3204155       6214.26074    
   22.3304157       6180.04688    
   22.3404160       6146.00830    
   22.3504162       6112.14600    
   22.3604164       6078.45752    
   22.3704166       6044.94385    
   22.3804169       6011.60205    
   22.3904171       5978.43164    
   22.4004173       5945.43115    
   22.4104176       5912.60352    
   22.4204178       5879.94580    
   22.4304180       5847.45605    
   22.4404182       5815.13232    
   22.4504185       5782.97852    
   22.4604187       5750.98828    
   22.4704189       5719.16699    
   22.4804192       5687.50781    
   22.4904194       5656.01465    
   22.5004196       5624.68408    
   22.5104198       5593.51465    
   22.5204201       5562.50781    
   22.5304203       5531.66357    
   22.5404205       5500.97803    
   22.5504208       5470.45215    
   22.5604210       5440.08447    
   22.5704212       5409.87598    
   22.5804214       5379.82275    
   22.5904217       5349.92725    
   22.6004219       5320.18799    
   22.6104221       5290.60303    
   22.6204224       5261.17139    
   22.6304226       5231.89551    
   22.6404228       5202.76953    
   22.6504230       5173.79883    
   22.6604233       5144.97803    
   22.6704235       5116.30664    
   22.6804237       5087.78516    
   22.6904240       5059.41357    
   22.7004242       5031.19043    
   22.7104244       5003.11426    
   22.7204247       4975.18701    
   22.7304249       4947.40674    
   22.7404251       4919.76855    
   22.7504253       4892.27686    
   22.7604256       4864.92969    
   22.7704258       4837.72705    
   22.7804260       4810.66553    
   22.7904263       4783.74561    
   22.8004265       4756.96875    
   22.8104267       4730.33154    
   22.8204269       4703.83643    
   22.8304272       4677.47754    
   22.8404274       4651.26074    
   22.8504276       4625.18066    
   22.8604279       4599.23877    
   22.8704281       4573.43115    
   22.8804283       4547.76074    
   22.8904285       4522.22852    
   22.9004288       4496.82764    
   22.9104290       4471.56250    
   22.9204292       4446.43018    
   22.9304295       4421.43066    
   22.9404297       4396.56396    
   22.9504299       4371.82910    
   22.9604301       4347.22412    
   22.9704304       4322.75098    
   22.9804306       4298.40723    
   22.9904308       4274.19092    
   23.0004311       4250.10400    
   23.0104313       4226.14307    
   23.0204315       4202.31006    
   23.0304317       4178.60449    
   23.0404320       4155.02539    
   23.0504322       4131.57178    
   23.0604324       4108.24170    
   23.0704327       4085.03540    
   23.0804329       4061.95142    
   23.0904331       4038.99268    
   23.1004333       4016.15479    
   23.1104336       3993.44092    
   23.1204338       3970.84424    
   23.1304340       3948.37061    
   23.1404343       3926.01562    
   23.1504345       3903.78174    
   23.1604347       3881.66650    
   23.1704350       3859.66748    
   23.1804352       3837.78662    
   23.1904354       3816.02100    
   23.2004356       3794.37427    
   23.2104359       3772.84204    
   23.2204361       3751.42676    
   23.2304363       3730.12549    
   23.2404366       3708.93848    
   23.2504368       3687.86279    
   23.2604370       3666.90112    
   23.2704372       3646.05273    
   23.2804375       3625.31543    
   23.2904377       3604.68921    
   23.3004379       3584.17456    
   23.3104382       3563.77051    
   23.3204384       3543.47461    
   23.3304386       3523.29004    
   23.3404388       3503.21118    
   23.3504391       3483.24121    
   23.3604393       3463.38086    
   23.3704395       3443.62500    
   23.3804398       3423.97656    
   23.3904400       3404.43335    
   23.4004402       3384.99658    
   23.4104404       3365.66309    
   23.4204407       3346.43530    
   23.4304409       3327.31055    
   23.4404411       3308.28979    
   23.4504414       3289.37158    
   23.4604416       3270.55566    
   23.4704418       3251.84033    
   23.4804420       3233.22803    
   23.4904423       3214.71606    
   23.5004425       3196.30322    
   23.5104427       3177.98950    
   23.5204430       3159.77686    
   23.5304432       3141.66211    
   23.5404434       3123.64526    
   23.5504436       3105.72681    
   23.5604439       3087.90527    
   23.5704441       3070.18018    
   23.5804443       3052.55103    
   23.5904446       3035.01904    
   23.6004448       3017.58130    
   23.6104450       3000.23877    
   23.6204453       2982.98926    
   23.6304455       2965.83521    
   23.6404457       2948.77417    
   23.6504459       2931.80469    
   23.6604462       2914.92969    
   23.6704464       2898.14624    
   23.6804466       2881.45312    
   23.6904469       2864.85132    
   23.7004471       2848.34082    
   23.7104473       2831.91992    
   23.7204475       2815.58887    
   23.7304478       2799.34717    
   23.7404480       2783.19458    
   23.7504482       2767.12964    
   23.7604485       2751.15234    
   23.7704487       2735.26343    
   23.7804489       2719.46069    
   23.7904491       2703.74438    
   23.8004494       2688.11377    
   23.8104496       2672.56982    
   23.8204498       2657.11060    
   23.8304501       2641.73560    
   23.8404503       2626.44629    
   23.8504505       2611.24048    
   23.8604507       2596.11768    
   23.8704510       2581.07715    
   23.8804512       2566.12061    
   23.8904514       2551.24585    
   23.9004517       2536.45239    
   23.9104519       2521.74146    
   23.9204521       2507.11084    
   23.9304523       2492.56079    
   23.9404526       2478.09009    
   23.9504528       2463.69995    
   23.9604530       2449.38892    
   23.9704533       2435.15674    
   23.9804535       2421.00269    
   23.9904537       2406.92700    
   24.0004539       2392.92920    
   24.0104542       2379.00806    
   24.0204544       2365.16479    
   24.0304546       2351.39771    
   24.0404549       2337.70630    
   24.0504551       2324.09009    
   24.0604553       2310.55054    
   24.0704556       2297.08521    
   24.0804558       2283.69434    
   24.0904560       2270.37842    
   24.1004562       2257.13403    
   24.1104565       2243.96460    
   24.1204567       2230.86890    
   24.1304569       2217.84448    
   24.1404572       2204.89307    
   24.1504574       2192.01294    
   24.1604576       2179.20557    
   24.1704578       2166.46851    
   24.1804581       2153.80225    
   24.1904583       2141.20581    
   24.2004585       2128.67969    
   24.2104588       2116.22339    
   24.2204590       2103.83618    
   24.2304592       2091.51880    
   24.2404594       2079.26880    
   24.2504597       2067.08789    
   24.2604599       2054.97363    
   24.2704601       2042.92859    
   24.2804604       2030.95020    
   24.2904606       2019.03833    
   24.3004608       2007.19238    
   24.3104610       1995.41370    
   24.3204613       1983.70032    
   24.3304615       1972.05176    
   24.3404617       1960.46875    
   24.3504620       1948.95056    
   24.3604622       1937.49658    
   24.3704624       1926.10657    
   24.3804626       1914.78101    
   24.3904629       1903.51758    
   24.4004631       1892.31885    
   24.4104633       1881.18176    
   24.4204636       1870.10730    
   24.4304638       1859.09424    
   24.4404640       1848.14429    
   24.4504642       1837.25488    
   24.4604645       1826.42688    
   24.4704647       1815.65955    
   24.4804649       1804.95239    
   24.4904652       1794.30603    
   24.5004654       1783.71924    
   24.5104656       1773.19202    
   24.5204659       1762.72302    
   24.5304661       1752.31421    
   24.5404663       1741.96350    
   24.5504665       1731.67065    
   24.5604668       1721.43677    
   24.5704670       1711.25903    
   24.5804672       1701.13953    
   24.5904675       1691.07751    
   24.6004677       1681.07129    
   24.6104679       1671.12231    
   24.6204681       1661.22961    
   24.6304684       1651.39209    
   24.6404686       1641.61060    
   24.6504688       1631.88416    
   24.6604691       1622.21228    
   24.6704693       1612.59570    
   24.6804695       1603.03259    
   24.6904697       1593.52490    
   24.7004700       1584.07007    
   24.7104702       1574.66919    
   24.7204704       1565.32153    
   24.7304707       1556.02625    
   24.7404709       1546.78381    
   24.7504711       1537.59399    
   24.7604713       1528.45618    
   24.7704716       1519.36987    
   24.7804718       1510.33594    
   24.7904720       1501.35278    
   24.8004723       1492.42053    
   24.8104725       1483.53955    
   24.8204727       1474.70813    
   24.8304729       1465.92725    
   24.8404732       1457.19727    
   24.8504734       1448.51562    
   24.8604736       1439.88403    
   24.8704739       1431.30127    
   24.8804741       1422.76697    
   24.8904743       1414.28223    
   24.9004745       1405.84521    
   24.9104748       1397.45618    
   24.9204750       1389.11584    
   24.9304752       1380.82263    
   24.9404755       1372.57642    
   24.9504757       1364.37720    
   24.9604759       1356.22449    
   24.9704762       1348.11877    
   24.9804764       1340.05908    
   24.9904766       1332.04614    
