   250.000000      0.757240951    
   251.000000      0.758873165    
   252.000000      0.760490179    
   253.000000      0.762092173    
   254.000000      0.763679087    
   255.000000      0.765251398    
   256.000000      0.766808808    
   257.000000      0.768352032    
   258.000000      0.769881070    
   259.000000      0.771395743    
   260.000000      0.772896469    
   261.000000      0.774383664    
   262.000000      0.775857031    
   263.000000      0.777316868    
   264.000000      0.778763413    
   265.000000      0.780196846    
   266.000000      0.781617105    
   267.000000      0.783024430    
   268.000000      0.784419239    
   269.000000      0.785801351    
   270.000000      0.787170947    
   271.000000      0.788528144    
   272.000000      0.789873183    
   273.000000      0.791206241    
   274.000000      0.792527258    
   275.000000      0.793836534    
   276.000000      0.795134127    
   277.000000      0.796419978    
   278.000000      0.797694743    
   279.000000      0.798958182    
   280.000000      0.800210297    
   281.000000      0.801451445    
   282.000000      0.802681804    
   283.000000      0.803901076    
   284.000000      0.805109859    
   285.000000      0.806308091    
   286.000000      0.807495773    
   287.000000      0.808673203    
   288.000000      0.809840322    
   289.000000      0.810997367    
   290.000000      0.812144518    
   291.000000      0.813281596    
   292.000000      0.814408958    
   293.000000      0.815526545    
   294.000000      0.816634715    
   295.000000      0.817733228    
   296.000000      0.818822563    
   297.000000      0.819902480    
   298.000000      0.820973337    
   299.000000      0.822034895    
   300.000000      0.823087633    
   301.000000      0.824131370    
   302.000000      0.825166523    
   303.000000      0.826192737    
   304.000000      0.827210426    
   305.000000      0.828219652    
   306.000000      0.829220474    
   307.000000      0.830212891    
   308.000000      0.831196904    
   309.000000      0.832172930    
   310.000000      0.833140850    
   311.000000      0.834100783    
   312.000000      0.835052788    
   313.000000      0.835997045    
   314.000000      0.836933494    
   315.000000      0.837862194    
   316.000000      0.838783383    
   317.000000      0.839696944    
   318.000000      0.840603173    
   319.000000      0.841502070    
   320.000000      0.842393696    
   321.000000      0.843277931    
   322.000000      0.844155371    
   323.000000      0.845025480    
   324.000000      0.845888674    
   325.000000      0.846745014    
   326.000000      0.847594321    
   327.000000      0.848437011    
   328.000000      0.849272907    
   329.000000      0.850102246    
   330.000000      0.850924850    
   331.000000      0.851741195    
   332.000000      0.852551043    
   333.000000      0.853354394    
   334.000000      0.854151428    
   335.000000      0.854942322    
   336.000000      0.855726898    
   337.000000      0.856505513    
   338.000000      0.857277930    
   339.000000      0.858044446    
   340.000000      0.858804822    
   341.000000      0.859559596    
   342.000000      0.860308468    
   343.000000      0.861051440    
   344.000000      0.861788571    
   345.000000      0.862520397    
   346.000000      0.863246500    
   347.000000      0.863967061    
   348.000000      0.864682019    
   349.000000      0.865391433    
   350.000000      0.866095722    
   351.000000      0.866794586    
   352.000000      0.867488146    
   353.000000      0.868176639    
   354.000000      0.868859529    
   355.000000      0.869537711    
   356.000000      0.870210707    
   357.000000      0.870878577    
   358.000000      0.871541440    
   359.000000      0.872199357    
   360.000000      0.872852564    
   361.000000      0.873501062    
   362.000000      0.874144435    
   363.000000      0.874783158    
   364.000000      0.875416994    
   365.000000      0.876046538    
   366.000000      0.876671195    
   367.000000      0.877291322    
   368.000000      0.877907097    
   369.000000      0.878518224    
   370.000000      0.879124880    
   371.000000      0.879727185    
   372.000000      0.880324960    
   373.000000      0.880918682    
   374.000000      0.881507814    
   375.000000      0.882092953    
   376.000000      0.882673860    
   377.000000      0.883250654    
   378.000000      0.883823216    
   379.000000      0.884391785    
   380.000000      0.884956241    
   381.000000      0.885516644    
   382.000000      0.886073232    
   383.000000      0.886625648    
   384.000000      0.887174070    
   385.000000      0.887718976    
   386.000000      0.888260067    
   387.000000      0.888797104    
   388.000000      0.889330506    
   389.000000      0.889860213    
   390.000000      0.890385866    
   391.000000      0.890908122    
   392.000000      0.891426742    
   393.000000      0.891941905    
   394.000000      0.892453372    
   395.000000      0.892961383    
   396.000000      0.893465817    
   397.000000      0.893966675    
   398.000000      0.894464433    
   399.000000      0.894958496    
   400.000000      0.895449042    
   401.000000      0.895936549    
   402.000000      0.896420717    
   403.000000      0.896901548    
   404.000000      0.897379041    
   405.000000      0.897853255    
   406.000000      0.898324251    
   407.000000      0.898792386    
   408.000000      0.899257123    
   409.000000      0.899718761    
   410.000000      0.900177419    
   411.000000      0.900632739    
   412.000000      0.901085079    
   413.000000      0.901534617    
   414.000000      0.901981115    
   415.000000      0.902424693    
   416.000000      0.902865171    
   417.000000      0.903302670    
   418.000000      0.903737605    
   419.000000      0.904169321    
   420.000000      0.904598475    
   421.000000      0.905024827    
   422.000000      0.905448079    
   423.000000      0.905868828    
   424.000000      0.906286776    
   425.000000      0.906701982    
   426.000000      0.907114565    
   427.000000      0.907524526    
   428.000000      0.907931745    
   429.000000      0.908336222    
   430.000000      0.908738256    
   431.000000      0.909137726    
   432.000000      0.909534395    
   433.000000      0.909928858    
   434.000000      0.910320580    
   435.000000      0.910709918    
   436.000000      0.911096573    
   437.000000      0.911480844    
   438.000000      0.911862731    
   439.000000      0.912242234    
   440.000000      0.912619412    
   441.000000      0.912993968    
   442.000000      0.913366437    
   443.000000      0.913736463    
   444.000000      0.914104223    
   445.000000      0.914469659    
   446.000000      0.914832771    
   447.000000      0.915193558    
   448.000000      0.915552020    
   449.000000      0.915908515    
   450.000000      0.916262746    
   451.000000      0.916614652    
   452.000000      0.916964293    
   453.000000      0.917311907    
   454.000000      0.917657733    
   455.000000      0.918000638    
   456.000000      0.918342113    
   457.000000      0.918681383    
   458.000000      0.919018447    
   459.000000      0.919353545    
   460.000000      0.919686615    
   461.000000      0.920017540    
   462.000000      0.920346498    
   463.000000      0.920673609    
   464.000000      0.920998633    
   465.000000      0.921321630    
   466.000000      0.921642840    
   467.000000      0.921962082    
   468.000000      0.922279239    
   469.000000      0.922594786    
   470.000000      0.922908247    
   471.000000      0.923219860    
   472.000000      0.923529625    
   473.000000      0.923837602    
   474.000000      0.924143851    
   475.000000      0.924448073    
   476.000000      0.924750507    
   477.000000      0.925051272    
   478.000000      0.925350308    
   479.000000      0.925647616    
   480.000000      0.925942838    
   481.000000      0.926236749    
   482.000000      0.926528692    
   483.000000      0.926818967    
   484.000000      0.927107692    
   485.000000      0.927394569    
   486.000000      0.927679956    
   487.000000      0.927963495    
   488.000000      0.928245544    
   489.000000      0.928525925    
   490.000000      0.928804576    
   491.000000      0.929082036    
   492.000000      0.929357231    
   493.000000      0.929631352    
   494.000000      0.929903924    
   495.000000      0.930174768    
   496.000000      0.930444062    
   497.000000      0.930711687    
   498.000000      0.930978000    
   499.000000      0.931242704    
   500.000000      0.931506157    
   501.000000      0.931767881    
   502.000000      0.932028174    
   503.000000      0.932286799    
   504.000000      0.932544410    
   505.000000      0.932800293    
   506.000000      0.933054745    
   507.000000      0.933307886    
   508.000000      0.933559537    
   509.000000      0.933809817    
   510.000000      0.934058845    
   511.000000      0.934306324    
   512.000000      0.934552312    
   513.000000      0.934797347    
   514.000000      0.935040474    
   515.000000      0.935282528    
   516.000000      0.935523450    
   517.000000      0.935762882    
   518.000000      0.936001003    
   519.000000      0.936237752    
   520.000000      0.936473310    
   521.000000      0.936707497    
   522.000000      0.936940551    
   523.000000      0.937172055    
   524.000000      0.937402487    
   525.000000      0.937631726    
   526.000000      0.937859654    
   527.000000      0.938086510    
   528.000000      0.938311875    
   529.000000      0.938536227    
   530.000000      0.938759267    
   531.000000      0.938981116    
   532.000000      0.939201772    
   533.000000      0.939421237    
   534.000000      0.939639449    
   535.000000      0.939856768    
   536.000000      0.940072715    
   537.000000      0.940287650    
   538.000000      0.940501392    
   539.000000      0.940714002    
   540.000000      0.940925598    
   541.000000      0.941136062    
   542.000000      0.941345155    
   543.000000      0.941553473    
   544.000000      0.941760361    
   545.000000      0.941966236    
   546.000000      0.942171216    
   547.000000      0.942375243    
   548.000000      0.942578018    
   549.000000      0.942779541    
   550.000000      0.942980289    
   551.000000      0.943179965    
   552.000000      0.943378389    
   553.000000      0.943575978    
   554.000000      0.943772376    
   555.000000      0.943968058    
   556.000000      0.944162548    
   557.000000      0.944356143    
   558.000000      0.944548845    
   559.000000      0.944740117    
   560.000000      0.944930971    
   561.000000      0.945120454    
   562.000000      0.945309043    
   563.000000      0.945496559    
   564.000000      0.945683599    
   565.000000      0.945869327    
   566.000000      0.946054220    
   567.000000      0.946237922    
   568.000000      0.946420968    
   569.000000      0.946602821    
   570.000000      0.946784079    
   571.000000      0.946964383    
   572.000000      0.947143495    
   573.000000      0.947322130    
   574.000000      0.947499752    
   575.000000      0.947676301    
   576.000000      0.947852194    
   577.000000      0.948026955    
   578.000000      0.948201060    
   579.000000      0.948374331    
   580.000000      0.948546588    
   581.000000      0.948717892    
   582.000000      0.948888600    
   583.000000      0.949058175    
   584.000000      0.949227273    
   585.000000      0.949395120    
   586.000000      0.949562609    
   587.000000      0.949729204    
   588.000000      0.949894547    
   589.000000      0.950059414    
   590.000000      0.950223446    
   591.000000      0.950386882    
   592.000000      0.950549185    
   593.000000      0.950710833    
   594.000000      0.950871706    
   595.000000      0.951031864    
   596.000000      0.951191068    
   597.000000      0.951349616    
   598.000000      0.951507449    
   599.000000      0.951664507    
   600.000000      0.951820731    
   601.000000      0.951976359    
   602.000000      0.952131212    
   603.000000      0.952284992    
   604.000000      0.952438474    
   605.000000      0.952590942    
   606.000000      0.952742815    
   607.000000      0.952893794    
   608.000000      0.953044295    
   609.000000      0.953194141    
   610.000000      0.953343153    
   611.000000      0.953491271    
   612.000000      0.953638852    
   613.000000      0.953785777    
   614.000000      0.953932226    
   615.000000      0.954077601    
   616.000000      0.954222500    
   617.000000      0.954366565    
   618.000000      0.954510033    
   619.000000      0.954652905    
   620.000000      0.954795241    
   621.000000      0.954936624    
   622.000000      0.955077410    
   623.000000      0.955217659    
   624.000000      0.955357015    
   625.000000      0.955495954    
   626.000000      0.955634177    
   627.000000      0.955771863    
   628.000000      0.955908716    
   629.000000      0.956045091    
   630.000000      0.956181169    
   631.000000      0.956315994    
   632.000000      0.956450522    
   633.000000      0.956584334    
   634.000000      0.956717491    
   635.000000      0.956850171    
   636.000000      0.956982315    
   637.000000      0.957113683    
   638.000000      0.957244396    
   639.000000      0.957374930    
   640.000000      0.957504451    
   641.000000      0.957633615    
   642.000000      0.957762063    
   643.000000      0.957889974    
   644.000000      0.958017528    
   645.000000      0.958144069    
   646.000000      0.958270431    
   647.000000      0.958395779    
   648.000000      0.958521128    
   649.000000      0.958645403    
   650.000000      0.958769619    
   651.000000      0.958893180    
   652.000000      0.959015846    
   653.000000      0.959138095    
   654.000000      0.959259808    
   655.000000      0.959381342    
   656.000000      0.959501922    
   657.000000      0.959622145    
   658.000000      0.959741712    
   659.000000      0.959860742    
   660.000000      0.959979653    
   661.000000      0.960097373    
   662.000000      0.960215092    
   663.000000      0.960332096    
   664.000000      0.960448682    
   665.000000      0.960564554    
   666.000000      0.960680246    
   667.000000      0.960795224    
   668.000000      0.960909545    
   669.000000      0.961023808    
   670.000000      0.961137235    
   671.000000      0.961250424    
   672.000000      0.961362958    
   673.000000      0.961474955    
   674.000000      0.961586297    
   675.000000      0.961697638    
   676.000000      0.961808085    
   677.000000      0.961918235    
   678.000000      0.962027907    
   679.000000      0.962137222    
   680.000000      0.962246060    
   681.000000      0.962354124    
   682.000000      0.962462127    
   683.000000      0.962569416    
   684.000000      0.962676346    
   685.000000      0.962782621    
   686.000000      0.962888718    
   687.000000      0.962994337    
   688.000000      0.963099182    
   689.000000      0.963203907    
   690.000000      0.963307977    
   691.000000      0.963412046    
   692.000000      0.963515282    
   693.000000      0.963618100    
   694.000000      0.963720798    
   695.000000      0.963822603    
   696.000000      0.963924289    
   697.000000      0.964025617    
   698.000000      0.964126348    
   699.000000      0.964226544    
   700.000000      0.964326560    
   701.000000      0.964426160    
   702.000000      0.964525163    
   703.000000      0.964623928    
   704.000000      0.964721918    
   705.000000      0.964819908    
   706.000000      0.964917302    
   707.000000      0.965014637    
   708.000000      0.965111136    
   709.000000      0.965207636    
   710.000000      0.965303481    
   711.000000      0.965398848    
   712.000000      0.965493977    
   713.000000      0.965588629    
   714.000000      0.965683162    
   715.000000      0.965777040    
   716.000000      0.965870500    
   717.000000      0.965963542    
   718.000000      0.966056347    
   719.000000      0.966148973    
   720.000000      0.966240883    
   721.000000      0.966332674    
   722.000000      0.966424048    
   723.000000      0.966514707    
   724.000000      0.966605484    
   725.000000      0.966695726    
   726.000000      0.966785431    
   727.000000      0.966875076    
   728.000000      0.966963947    
   729.000000      0.967052877    
   730.000000      0.967141271    
   731.000000      0.967229426    
   732.000000      0.967316747    
   733.000000      0.967404425    
   734.000000      0.967491388    
   735.000000      0.967577934    
   736.000000      0.967664301    
   737.000000      0.967750251    
   738.000000      0.967836142    
   739.000000      0.967921138    
   740.000000      0.968006253    
   741.000000      0.968091071    
   742.000000      0.968175113    
   743.000000      0.968259275    
   744.000000      0.968342602    
   745.000000      0.968426108    
   746.000000      0.968509078    
   747.000000      0.968591511    
   748.000000      0.968673885    
   749.000000      0.968756199    
   750.000000      0.968837678    
   751.000000      0.968919158    
   752.000000      0.969000161    
   753.000000      0.969081104    
   754.000000      0.969161391    
   755.000000      0.969241679    
   756.000000      0.969321311    
   757.000000      0.969400764    
   758.000000      0.969479740    
   759.000000      0.969559014    
   760.000000      0.969637334    
   761.000000      0.969715834    
   762.000000      0.969793737    
   763.000000      0.969871223    
   764.000000      0.969948769    
   765.000000      0.970025957    
   766.000000      0.970102787    
   767.000000      0.970179200    
   768.000000      0.970255494    
   769.000000      0.970331490    
   770.000000      0.970406830    
   771.000000      0.970482409    
   772.000000      0.970557332    
   773.000000      0.970632315    
   774.000000      0.970706522    
   775.000000      0.970780790    
   776.000000      0.970854640    
   777.000000      0.970928431    
   778.000000      0.971001863    
   779.000000      0.971074879    
   780.000000      0.971147776    
   781.000000      0.971220136    
   782.000000      0.971292734    
   783.000000      0.971364677    
   784.000000      0.971436441    
   785.000000      0.971507967    
   786.000000      0.971579254    
   787.000000      0.971649826    
   788.000000      0.971720576    
   789.000000      0.971791208    
   790.000000      0.971861243    
   791.000000      0.971931219    
   792.000000      0.972000599    
   793.000000      0.972070158    
   794.000000      0.972139180    
   795.000000      0.972208321    
   796.000000      0.972276688    
   797.000000      0.972345114    
   798.000000      0.972413301    
   799.000000      0.972481012    
   800.000000      0.972548723    
   801.000000      0.972616017    
   802.000000      0.972683132    
   803.000000      0.972750008    
   804.000000      0.972816527    
   805.000000      0.972883284    
   806.000000      0.972949386    
   807.000000      0.973015249    
   808.000000      0.973080873    
   809.000000      0.973146200    
   810.000000      0.973211467    
   811.000000      0.973276436    
   812.000000      0.973341107    
   813.000000      0.973405719    
   814.000000      0.973469853    
   815.000000      0.973533928    
   816.000000      0.973597825    
   817.000000      0.973661184    
   818.000000      0.973724723    
   819.000000      0.973787844    
   820.000000      0.973850489    
   821.000000      0.973913431    
   822.000000      0.973975539    
   823.000000      0.974038064    
   824.000000      0.974099874    
   825.000000      0.974161685    
   826.000000      0.974222958    
   827.000000      0.974284530    
   828.000000      0.974345565    
   829.000000      0.974406540    
   830.000000      0.974467218    
   831.000000      0.974527657    
   832.000000      0.974588037    
   833.000000      0.974648118    
   834.000000      0.974707723    
   835.000000      0.974767566    
   836.000000      0.974826813    
   837.000000      0.974886298    
   838.000000      0.974944949    
   839.000000      0.975003779    
   840.000000      0.975062430    
   841.000000      0.975120962    
   842.000000      0.975178778    
   843.000000      0.975237012    
   844.000000      0.975294828    
   845.000000      0.975352347    
   846.000000      0.975409687    
   847.000000      0.975466788    
   848.000000      0.975523770    
   849.000000      0.975580454    
   850.000000      0.975637257    
   851.000000      0.975693583    
   852.000000      0.975749671    
   853.000000      0.975805700    
   854.000000      0.975861371    
   855.000000      0.975917101    
   856.000000      0.975972652    
   857.000000      0.976027966    
   858.000000      0.976082981    
   859.000000      0.976137519    
   860.000000      0.976192236    
   861.000000      0.976246953    
   862.000000      0.976301014    
   863.000000      0.976355255    
   864.000000      0.976409137    
   865.000000      0.976462662    
   866.000000      0.976516485    
   867.000000      0.976569712    
   868.000000      0.976623178    
   869.000000      0.976675868    
   870.000000      0.976728857    
   871.000000      0.976781785    
   872.000000      0.976834238    
   873.000000      0.976886392    
   874.000000      0.976938367    
   875.000000      0.976990461    
   876.000000      0.977042258    
   877.000000      0.977093577    
   878.000000      0.977145076    
   879.000000      0.977196336    
   880.000000      0.977247596    
   881.000000      0.977298677    
   882.000000      0.977349162    
   883.000000      0.977399707    
   884.000000      0.977450132    
   885.000000      0.977500439    
   886.000000      0.977550507    
   887.000000      0.977600455    
   888.000000      0.977649987    
   889.000000      0.977699876    
   890.000000      0.977749228    
   891.000000      0.977798223    
   892.000000      0.977847457    
   893.000000      0.977896333    
   894.000000      0.977945089    
   895.000000      0.977993965    
   896.000000      0.978042006    
   897.000000      0.978090525    
   898.000000      0.978138685    
   899.000000      0.978186429    
   900.000000      0.978234410    
   901.000000      0.978282094    
   902.000000      0.978329599    
   903.000000      0.978376687    
   904.000000      0.978423953    
   905.000000      0.978470981    
   906.000000      0.978518128    
   907.000000      0.978564739    
   908.000000      0.978611410    
   909.000000      0.978657663    
   910.000000      0.978704154    
   911.000000      0.978750229    
   912.000000      0.978796303    
   913.000000      0.978841841    
   914.000000      0.978887439    
   915.000000      0.978933334    
   916.000000      0.978978693    
   917.000000      0.979023814    
   918.000000      0.979068816    
   919.000000      0.979113996    
   920.000000      0.979158819    
   921.000000      0.979203165    
   922.000000      0.979247689    
   923.000000      0.979292154    
   924.000000      0.979336381    
   925.000000      0.979380667    
   926.000000      0.979424536    
   927.000000      0.979468405    
   928.000000      0.979511857    
   929.000000      0.979555368    
   930.000000      0.979598999    
   931.000000      0.979642272    
   932.000000      0.979685485    
   933.000000      0.979728401    
   934.000000      0.979771078    
   935.000000      0.979813933    
   936.000000      0.979856551    
   937.000000      0.979898989    
   938.000000      0.979941487    
   939.000000      0.979983389    
   940.000000      0.980025768    
   941.000000      0.980067313    
   942.000000      0.980109036    
   943.000000      0.980150998    
   944.000000      0.980192482    
   945.000000      0.980233669    
   946.000000      0.980275095    
   947.000000      0.980316460    
   948.000000      0.980357111    
   949.000000      0.980398238    
   950.000000      0.980439067    
   951.000000      0.980479419    
   952.000000      0.980519772    
   953.000000      0.980560362    
   954.000000      0.980600774    
   955.000000      0.980640829    
   956.000000      0.980680883    
   957.000000      0.980720580    
   958.000000      0.980760396    
   959.000000      0.980799973    
   960.000000      0.980839550    
   961.000000      0.980879188    
   962.000000      0.980918407    
   963.000000      0.980957568    
   964.000000      0.980996549    
   965.000000      0.981035113    
   966.000000      0.981074035    
   967.000000      0.981113017    
   968.000000      0.981151402    
   969.000000      0.981189668    
   970.000000      0.981227934    
   971.000000      0.981266499    
   972.000000      0.981304467    
   973.000000      0.981342435    
   974.000000      0.981380224    
   975.000000      0.981418192    
   976.000000      0.981455624    
   977.000000      0.981493115    
   978.000000      0.981530845    
   979.000000      0.981567860    
   980.000000      0.981605172    
   981.000000      0.981642246    
   982.000000      0.981679082    
   983.000000      0.981715977    
   984.000000      0.981752634    
   985.000000      0.981789410    
   986.000000      0.981825948    
   987.000000      0.981862247    
   988.000000      0.981898606    
   989.000000      0.981934905    
   990.000000      0.981970668    
   991.000000      0.982006907    
   992.000000      0.982042670    
   993.000000      0.982078493    
   994.000000      0.982114017    
   995.000000      0.982149720    
   996.000000      0.982185125    
   997.000000      0.982220292    
   998.000000      0.982255578    
   999.000000      0.982290566    
   1000.00000      0.982325673    
