  0.949999988       1.96097565    
  0.950999975       1.90234947    
  0.951999962       1.84473228    
  0.952999949       1.78810930    
  0.953999937       1.73246241    
  0.954999924       1.67777824    
  0.955999911       1.62403965    
  0.956999898       1.57123232    
  0.957999885       1.51934052    
  0.958999872       1.46834898    
  0.959999859       1.41824484    
  0.960999846       1.36901474    
  0.961999834       1.32063913    
  0.962999821       1.27311087    
  0.963999808       1.22641039    
  0.964999795       1.18053055    
  0.965999782       1.13545132    
  0.966999769       1.09116507    
  0.967999756       1.04765749    
  0.968999743       1.00491619    
  0.969999731      0.962926865    
  0.970999718      0.921679974    
  0.971999705      0.881162167    
  0.972999692      0.841363907    
  0.973999679      0.802269936    
  0.974999666      0.763872147    
  0.975999653      0.726156712    
  0.976999640      0.689115524    
  0.977999628      0.652735710    
  0.978999615      0.617006302    
  0.979999602      0.581919193    
  0.980999589      0.547461033    
  0.981999576      0.513624191    
  0.982999563      0.480397701    
  0.983999550      0.447772026    
  0.984999537      0.415736675    
  0.985999525      0.384282112    
  0.986999512      0.353401184    
  0.987999499      0.323082924    
  0.988999486      0.293318748    
  0.989999473      0.264098167    
  0.990999460      0.235414982    
  0.991999447      0.207259178    
  0.992999434      0.179622650    
  0.993999422      0.152496338    
  0.994999409      0.125872612    
  0.995999396       9.97433662E-02
  0.996999383       7.41019249E-02
  0.997999370       4.89377975E-02
  0.998999357       2.42447853E-02
  0.999999344       1.57356262E-05
   1.00099933      -2.37572193E-02
   1.00199938      -4.70840931E-02
   1.00299942      -6.99672699E-02
   1.00399947      -9.24179554E-02
   1.00499952     -0.114441633    
   1.00599957     -0.136042595    
   1.00699961     -0.157231092    
   1.00799966     -0.178012371    
   1.00899971     -0.198391914    
   1.00999975     -0.218379736    
   1.01099980     -0.237978220    
   1.01199985     -0.257195234    
   1.01299989     -0.276037931    
   1.01399994     -0.294509411    
   1.01499999     -0.312618256    
   1.01600003     -0.330370426    
   1.01700008     -0.347770452    
   1.01800013     -0.364824057    
   1.01900017     -0.381537676    
   1.02000022     -0.397917032    
   1.02100027     -0.413964510    
   1.02200031     -0.429689646    
   1.02300036     -0.445095539    
   1.02400041     -0.460187674    
   1.02500045     -0.474970341    
   1.02600050     -0.489449501    
   1.02700055     -0.503630400    
   1.02800059     -0.517517090    
   1.02900064     -0.531113863    
   1.03000069     -0.544426441    
   1.03100073     -0.557459354    
   1.03200078     -0.570216417    
   1.03300083     -0.582703352    
   1.03400087     -0.594922781    
   1.03500092     -0.606880665    
   1.03600097     -0.618579865    
   1.03700101     -0.630025864    
   1.03800106     -0.641222239    
   1.03900111     -0.652173042    
   1.04000115     -0.662882328    
   1.04100120     -0.673353672    
   1.04200125     -0.683591366    
   1.04300129     -0.693599224    
   1.04400134     -0.703381062    
   1.04500139     -0.712940454    
   1.04600143     -0.722280502    
   1.04700148     -0.731406450    
   1.04800153     -0.740319729    
   1.04900157     -0.749024868    
   1.05000162     -0.757525682    
   1.05100167     -0.765824556    
   1.05200171     -0.773925304    
   1.05300176     -0.781831264    
   1.05400181     -0.789545536    
   1.05500185     -0.797070980    
   1.05600190     -0.804411173    
   1.05700195     -0.811568975    
   1.05800200     -0.818547487    
   1.05900204     -0.825349808    
   1.06000209     -0.831978440    
   1.06100214     -0.838436246    
   1.06200218     -0.844726801    
   1.06300223     -0.850851893    
   1.06400228     -0.856814742    
   1.06500232     -0.862618208    
   1.06600237     -0.868264675    
   1.06700242     -0.873757124    
   1.06800246     -0.879097819    
   1.06900251     -0.884289265    
   1.07000256     -0.889333725    
   1.07100260     -0.894234419    
   1.07200265     -0.898993134    
   1.07300270     -0.903612018    
   1.07400274     -0.908094049    
   1.07500279     -0.912441373    
   1.07600284     -0.916656375    
   1.07700288     -0.920740843    
   1.07800293     -0.924697280    
   1.07900298     -0.928527713    
   1.08000302     -0.932234526    
   1.08100307     -0.935819626    
   1.08200312     -0.939284801    
   1.08300316     -0.942632914    
   1.08400321     -0.945865035    
   1.08500326     -0.948983431    
   1.08600330     -0.951990485    
   1.08700335     -0.954887629    
   1.08800340     -0.957676888    
   1.08900344     -0.960360289    
   1.09000349     -0.962939143    
   1.09100354     -0.965416074    
   1.09200358     -0.967791915    
   1.09300363     -0.970068812    
   1.09400368     -0.972248673    
   1.09500372     -0.974332929    
   1.09600377     -0.976323485    
   1.09700382     -0.978221297    
   1.09800386     -0.980029225    
   1.09900391     -0.981747627    
   1.10000396     -0.983378530    
   1.10100400     -0.984923720    
   1.10200405     -0.986384392    
   1.10300410     -0.987762332    
   1.10400414     -0.989058495    
   1.10500419     -0.990274668    
   1.10600424     -0.991412401    
   1.10700428     -0.992472410    
   1.10800433     -0.993456841    
   1.10900438     -0.994366884    
   1.11000443     -0.995203614    
   1.11100447     -0.995968461    
   1.11200452     -0.996662736    
   1.11300457     -0.997287869    
   1.11400461     -0.997844815    
   1.11500466     -0.998335004    
   1.11600471     -0.998759151    
   1.11700475     -0.999119520    
   1.11800480     -0.999416351    
   1.11900485     -0.999651194    
   1.12000489     -0.999824882    
   1.12100494     -0.999938846    
   1.12200499     -0.999994159    
   1.12300503     -0.999991596    
   1.12400508     -0.999932587    
   1.12500513     -0.999818206    
   1.12600517     -0.999649107    
   1.12700522     -0.999426603    
   1.12800527     -0.999151766    
   1.12900531     -0.998825192    
   1.13000536     -0.998448312    
   1.13100541     -0.998021960    
   1.13200545     -0.997546911    
   1.13300550     -0.997024179    
   1.13400555     -0.996454716    
   1.13500559     -0.995839417    
   1.13600564     -0.995178699    
   1.13700569     -0.994474411    
   1.13800573     -0.993726671    
   1.13900578     -0.992936671    
   1.14000583     -0.992104709    
   1.14100587     -0.991232336    
   1.14200592     -0.990319908    
   1.14300597     -0.989368320    
   1.14400601     -0.988378286    
   1.14500606     -0.987350643    
   1.14600611     -0.986286044    
   1.14700615     -0.985185444    
   1.14800620     -0.984049499    
   1.14900625     -0.982878745    
   1.15000629     -0.981673956    
   1.15100634     -0.980436146    
   1.15200639     -0.979165673    
   1.15300643     -0.977863312    
   1.15400648     -0.976529479    
   1.15500653     -0.975165367    
   1.15600657     -0.973771274    
   1.15700662     -0.972347617    
   1.15800667     -0.970895469    
   1.15900671     -0.969415128    
   1.16000676     -0.967907369    
   1.16100681     -0.966372728    
   1.16200686     -0.964811742    
   1.16300690     -0.963225186    
   1.16400695     -0.961613417    
   1.16500700     -0.959977031    
   1.16600704     -0.958316624    
   1.16700709     -0.956632733    
   1.16800714     -0.954925835    
   1.16900718     -0.953196466    
   1.17000723     -0.951445222    
   1.17100728     -0.949672461    
   1.17200732     -0.947878718    
   1.17300737     -0.946064651    
   1.17400742     -0.944230616    
   1.17500746     -0.942377031    
   1.17600751     -0.940504491    
   1.17700756     -0.938613296    
   1.17800760     -0.936704159    
   1.17900765     -0.934777200    
   1.18000770     -0.932832956    
   1.18100774     -0.930872142    
   1.18200779     -0.928894818    
   1.18300784     -0.926901519    
   1.18400788     -0.924892604    
   1.18500793     -0.922868609    
   1.18600798     -0.920830071    
   1.18700802     -0.918776929    
   1.18800807     -0.916709900    
   1.18900812     -0.914629221    
   1.19000816     -0.912535191    
   1.19100821     -0.910428643    
   1.19200826     -0.908309221    
   1.19300830     -0.906177938    
   1.19400835     -0.904034615    
   1.19500840     -0.901879966    
   1.19600844     -0.899714112    
   1.19700849     -0.897537589    
   1.19800854     -0.895350575    
   1.19900858     -0.893153310    
   1.20000863     -0.890946269    
   1.20100868     -0.888729572    
   1.20200872     -0.886503816    
   1.20300877     -0.884268999    
   1.20400882     -0.882025719    
   1.20500886     -0.879773915    
   1.20600891     -0.877514124    
   1.20700896     -0.875246525    
   1.20800900     -0.872971654    
   1.20900905     -0.870689273    
   1.21000910     -0.868399978    
   1.21100914     -0.866104066    
   1.21200919     -0.863801658    
   1.21300924     -0.861492991    
   1.21400928     -0.859178424    
   1.21500933     -0.856858253    
   1.21600938     -0.854532361    
   1.21700943     -0.852201521    
   1.21800947     -0.849865556    
   1.21900952     -0.847524762    
   1.22000957     -0.845179498    
   1.22100961     -0.842829823    
   1.22200966     -0.840476155    
   1.22300971     -0.838118672    
   1.22400975     -0.835757256    
   1.22500980     -0.833392382    
   1.22600985     -0.831024408    
   1.22700989     -0.828653216    
   1.22800994     -0.826279163    
   1.22900999     -0.823902369    
   1.23001003     -0.821523070    
   1.23101008     -0.819141388    
   1.23201013     -0.816757679    
   1.23301017     -0.814371943    
   1.23401022     -0.811984420    
   1.23501027     -0.809595346    
   1.23601031     -0.807204723    
   1.23701036     -0.804813027    
   1.23801041     -0.802419901    
   1.23901045     -0.800025940    
   1.24001050     -0.797631145    
   1.24101055     -0.795235872    
   1.24201059     -0.792839944    
   1.24301064     -0.790443599    
   1.24401069     -0.788047135    
   1.24501073     -0.785650611    
   1.24601078     -0.783254206    
   1.24701083     -0.780858040    
   1.24801087     -0.778462052    
   1.24901092     -0.776066542    
   1.25001097     -0.773671746    
   1.25101101     -0.771277726    
   1.25201106     -0.768884540    
   1.25301111     -0.766492367    
   1.25401115     -0.764101386    
   1.25501120     -0.761711478    
   1.25601125     -0.759323001    
   1.25701129     -0.756935894    
   1.25801134     -0.754550517    
   1.25901139     -0.752166748    
   1.26001143     -0.749784708    
   1.26101148     -0.747404695    
   1.26201153     -0.745026648    
   1.26301157     -0.742650628    
   1.26401162     -0.740276873    
   1.26501167     -0.737905443    
   1.26601171     -0.735536337    
   1.26701176     -0.733169913    
   1.26801181     -0.730805874    
   1.26901186     -0.728444517    
   1.27001190     -0.726086020    
   1.27101195     -0.723730326    
   1.27201200     -0.721377432    
   1.27301204     -0.719027817    
   1.27401209     -0.716681182    
   1.27501214     -0.714337766    
   1.27601218     -0.711997509    
   1.27701223     -0.709660649    
   1.27801228     -0.707327187    
   1.27901232     -0.704997241    
   1.28001237     -0.702670753    
   1.28101242     -0.700348079    
   1.28201246     -0.698028922    
   1.28301251     -0.695713520    
   1.28401256     -0.693402052    
   1.28501260     -0.691094398    
   1.28601265     -0.688790917    
   1.28701270     -0.686491251    
   1.28801274     -0.684195578    
   1.28901279     -0.681904078    
   1.29001284     -0.679616988    
   1.29101288     -0.677333891    
   1.29201293     -0.675055265    
   1.29301298     -0.672780991    
   1.29401302     -0.670511127    
   1.29501307     -0.668245673    
   1.29601312     -0.665984690    
   1.29701316     -0.663728356    
   1.29801321     -0.661476612    
   1.29901326     -0.659229517    
   1.30001330     -0.656987071    
   1.30101335     -0.654749393    
   1.30201340     -0.652516663    
   1.30301344     -0.650288641    
   1.30401349     -0.648065507    
   1.30501354     -0.645847201    
   1.30601358     -0.643634021    
   1.30701363     -0.641425729    
   1.30801368     -0.639222443    
   1.30901372     -0.637024283    
   1.31001377     -0.634831190    
   1.31101382     -0.632643223    
   1.31201386     -0.630460501    
   1.31301391     -0.628282845    
   1.31401396     -0.626110494    
   1.31501400     -0.623943388    
   1.31601405     -0.621781707    
   1.31701410     -0.619625151    
   1.31801414     -0.617474079    
   1.31901419     -0.615328372    
   1.32001424     -0.613188028    
   1.32101429     -0.611053228    
   1.32201433     -0.608923614    
   1.32301438     -0.606799603    
   1.32401443     -0.604681194    
   1.32501447     -0.602568269    
   1.32601452     -0.600460887    
   1.32701457     -0.598359048    
   1.32801461     -0.596262813    
   1.32901466     -0.594172180    
   1.33001471     -0.592087090    
   1.33101475     -0.590007842    
   1.33201480     -0.587934136    
   1.33301485     -0.585866094    
   1.33401489     -0.583803773    
   1.33501494     -0.581747234    
   1.33601499     -0.579696238    
   1.33701503     -0.577651143    
   1.33801508     -0.575611651    
   1.33901513     -0.573578119    
   1.34001517     -0.571550190    
   1.34101522     -0.569528162    
   1.34201527     -0.567511916    
   1.34301531     -0.565501571    
   1.34401536     -0.563496947    
   1.34501541     -0.561498165    
   1.34601545     -0.559505284    
   1.34701550     -0.557518244    
   1.34801555     -0.555536926    
   1.34901559     -0.553561687    
   1.35001564     -0.551592231    
   1.35101569     -0.549628675    
   1.35201573     -0.547670901    
   1.35301578     -0.545719087    
   1.35401583     -0.543773234    
   1.35501587     -0.541833341    
   1.35601592     -0.539899230    
   1.35701597     -0.537971139    
   1.35801601     -0.536048889    
   1.35901606     -0.534132600    
   1.36001611     -0.532222211    
   1.36101615     -0.530317783    
   1.36201620     -0.528419316    
   1.36301625     -0.526526749    
   1.36401629     -0.524640083    
   1.36501634     -0.522759378    
   1.36601639     -0.520884633    
   1.36701643     -0.519015849    
   1.36801648     -0.517152846    
   1.36901653     -0.515295863    
   1.37001657     -0.513444901    
   1.37101662     -0.511599779    
   1.37201667     -0.509760618    
   1.37301672     -0.507927418    
   1.37401676     -0.506100059    
   1.37501681     -0.504278660    
   1.37601686     -0.502463222    
   1.37701690     -0.500653744    
   1.37801695     -0.498850048    
   1.37901700     -0.497052372    
   1.38001704     -0.495260537    
   1.38101709     -0.493474633    
   1.38201714     -0.491694659    
   1.38301718     -0.489920557    
   1.38401723     -0.488152295    
   1.38501728     -0.486389995    
   1.38601732     -0.484633535    
   1.38701737     -0.482882977    
   1.38801742     -0.481138259    
   1.38901746     -0.479399383    
   1.39001751     -0.477666438    
   1.39101756     -0.475939244    
   1.39201760     -0.474217981    
   1.39301765     -0.472502500    
   1.39401770     -0.470792830    
   1.39501774     -0.469089031    
   1.39601779     -0.467391014    
   1.39701784     -0.465698779    
   1.39801788     -0.464012384    
   1.39901793     -0.462331682    
   1.40001798     -0.460656852    
   1.40101802     -0.458987743    
   1.40201807     -0.457324505    
   1.40301812     -0.455666840    
   1.40401816     -0.454015017    
   1.40501821     -0.452368915    
   1.40601826     -0.450728536    
   1.40701830     -0.449093819    
   1.40801835     -0.447464883    
   1.40901840     -0.445841610    
   1.41001844     -0.444224030    
   1.41101849     -0.442612082    
   1.41201854     -0.441005826    
   1.41301858     -0.439405203    
   1.41401863     -0.437810242    
   1.41501868     -0.436220884    
   1.41601872     -0.434637100    
   1.41701877     -0.433059067    
   1.41801882     -0.431486458    
   1.41901886     -0.429919481    
   1.42001891     -0.428358167    
   1.42101896     -0.426802278    
   1.42201900     -0.425252020    
   1.42301905     -0.423707366    
   1.42401910     -0.422168136    
   1.42501915     -0.420634449    
   1.42601919     -0.419106215    
   1.42701924     -0.417583466    
   1.42801929     -0.416066170    
   1.42901933     -0.414554477    
   1.43001938     -0.413048029    
   1.43101943     -0.411547184    
   1.43201947     -0.410051763    
   1.43301952     -0.408561587    
   1.43401957     -0.407076865    
   1.43501961     -0.405597627    
   1.43601966     -0.404123724    
   1.43701971     -0.402655154    
   1.43801975     -0.401191831    
   1.43901980     -0.399734020    
   1.44001985     -0.398281336    
   1.44101989     -0.396834105    
   1.44201994     -0.395392120    
   1.44301999     -0.393955439    
   1.44402003     -0.392523885    
   1.44502008     -0.391097665    
   1.44602013     -0.389676720    
   1.44702017     -0.388260961    
   1.44802022     -0.386850327    
   1.44902027     -0.385444999    
   1.45002031     -0.384044826    
   1.45102036     -0.382649750    
   1.45202041     -0.381259948    
   1.45302045     -0.379875064    
   1.45402050     -0.378495485    
   1.45502055     -0.377120972    
   1.45602059     -0.375751436    
   1.45702064     -0.374387145    
   1.45802069     -0.373027861    
   1.45902073     -0.371673584    
   1.46002078     -0.370324343    
   1.46102083     -0.368980169    
   1.46202087     -0.367640913    
   1.46302092     -0.366306692    
   1.46402097     -0.364977479    
   1.46502101     -0.363653153    
   1.46602106     -0.362333745    
   1.46702111     -0.361019403    
   1.46802115     -0.359709918    
   1.46902120     -0.358405232    
   1.47002125     -0.357105494    
   1.47102129     -0.355810642    
   1.47202134     -0.354520708    
   1.47302139     -0.353235543    
   1.47402143     -0.351955146    
   1.47502148     -0.350679725    
   1.47602153     -0.349408865    
   1.47702157     -0.348142982    
   1.47802162     -0.346881747    
   1.47902167     -0.345625371    
   1.48002172     -0.344373643    
   1.48102176     -0.343126655    
   1.48202181     -0.341884315    
   1.48302186     -0.340646684    
   1.48402190     -0.339413792    
   1.48502195     -0.338185608    
   1.48602200     -0.336961865    
   1.48702204     -0.335742950    
   1.48802209     -0.334528506    
   1.48902214     -0.333318770    
   1.49002218     -0.332113534    
   1.49102223     -0.330912888    
   1.49202228     -0.329716861    
   1.49302232     -0.328525335    
   1.49402237     -0.327338308    
   1.49502242     -0.326155841    
   1.49602246     -0.324977845    
   1.49702251     -0.323804259    
   1.49802256     -0.322635233    
   1.49902260     -0.321470499    
   1.50002265     -0.320310384    
   1.50102270     -0.319154590    
   1.50202274     -0.318003207    
   1.50302279     -0.316856205    
   1.50402284     -0.315713584    
   1.50502288     -0.314575374    
   1.50602293     -0.313441455    
   1.50702298     -0.312311888    
   1.50802302     -0.311186612    
   1.50902307     -0.310065597    
   1.51002312     -0.308948964    
   1.51102316     -0.307836533    
   1.51202321     -0.306728363    
   1.51302326     -0.305624396    
   1.51402330     -0.304524660    
   1.51502335     -0.303429216    
   1.51602340     -0.302337885    
   1.51702344     -0.301250786    
   1.51802349     -0.300167769    
   1.51902354     -0.299088985    
   1.52002358     -0.298014283    
   1.52102363     -0.296943814    
   1.52202368     -0.295877337    
   1.52302372     -0.294814914    
   1.52402377     -0.293756634    
   1.52502382     -0.292702466    
   1.52602386     -0.291652232    
   1.52702391     -0.290606081    
   1.52802396     -0.289564013    
   1.52902400     -0.288525879    
   1.53002405     -0.287491739    
   1.53102410     -0.286461622    
   1.53202415     -0.285435468    
   1.53302419     -0.284413129    
   1.53402424     -0.283394784    
   1.53502429     -0.282380402    
   1.53602433     -0.281369954    
   1.53702438     -0.280363321    
   1.53802443     -0.279360622    
   1.53902447     -0.278361738    
   1.54002452     -0.277366698    
   1.54102457     -0.276375473    
   1.54202461     -0.275388151    
   1.54302466     -0.274404526    
   1.54402471     -0.273424804    
   1.54502475     -0.272448778    
   1.54602480     -0.271476477    
   1.54702485     -0.270507962    
   1.54802489     -0.269543231    
   1.54902494     -0.268582225    
   1.55002499     -0.267624855    
   1.55102503     -0.266671181    
   1.55202508     -0.265721291    
   1.55302513     -0.264774919    
   1.55402517     -0.263832271    
   1.55502522     -0.262893230    
   1.55602527     -0.261957884    
   1.55702531     -0.261026055    
   1.55802536     -0.260097861    
   1.55902541     -0.259173304    
   1.56002545     -0.258252233    
   1.56102550     -0.257334709    
   1.56202555     -0.256420851    
   1.56302559     -0.255510420    
   1.56402564     -0.254603475    
   1.56502569     -0.253700137    
   1.56602573     -0.252800167    
   1.56702578     -0.251903772    
   1.56802583     -0.251010805    
   1.56902587     -0.250121236    
   1.57002592     -0.249235228    
   1.57102597     -0.248352557    
   1.57202601     -0.247473270    
   1.57302606     -0.246597394    
   1.57402611     -0.245724946    
   1.57502615     -0.244855806    
   1.57602620     -0.243990064    
   1.57702625     -0.243127704    
   1.57802629     -0.242268607    
   1.57902634     -0.241412818    
   1.58002639     -0.240560398    
   1.58102643     -0.239711255    
   1.58202648     -0.238865331    
   1.58302653     -0.238022730    
   1.58402658     -0.237183362    
   1.58502662     -0.236347318    
   1.58602667     -0.235514432    
   1.58702672     -0.234684706    
   1.58802676     -0.233858302    
   1.58902681     -0.233034983    
   1.59002686     -0.232214928    
   1.59102690     -0.231398001    
   1.59202695     -0.230584249    
   1.59302700     -0.229773626    
   1.59402704     -0.228966132    
   1.59502709     -0.228161722    
   1.59602714     -0.227360457    
   1.59702718     -0.226562306    
   1.59802723     -0.225767240    
   1.59902728     -0.224975154    
   1.60002732     -0.224186212    
   1.60102737     -0.223400265    
   1.60202742     -0.222617403    
   1.60302746     -0.221837506    
   1.60402751     -0.221060649    
   1.60502756     -0.220286816    
   1.60602760     -0.219515935    
   1.60702765     -0.218748048    
   1.60802770     -0.217983142    
   1.60902774     -0.217221171    
   1.61002779     -0.216462076    
   1.61102784     -0.215705991    
   1.61202788     -0.214952767    
   1.61302793     -0.214202479    
   1.61402798     -0.213455081    
   1.61502802     -0.212710574    
   1.61602807     -0.211968884    
   1.61702812     -0.211230084    
   1.61802816     -0.210494176    
   1.61902821     -0.209761068    
   1.62002826     -0.209030792    
   1.62102830     -0.208303317    
   1.62202835     -0.207578629    
   1.62302840     -0.206856772    
   1.62402844     -0.206137657    
   1.62502849     -0.205421343    
   1.62602854     -0.204707772    
   1.62702858     -0.203996956    
   1.62802863     -0.203288868    
   1.62902868     -0.202583477    
   1.63002872     -0.201880857    
   1.63102877     -0.201180905    
   1.63202882     -0.200483665    
   1.63302886     -0.199789077    
   1.63402891     -0.199097216    
   1.63502896     -0.198407993    
   1.63602901     -0.197721392    
   1.63702905     -0.197037429    
   1.63802910     -0.196356118    
   1.63902915     -0.195677415    
   1.64002919     -0.195001304    
   1.64102924     -0.194327846    
   1.64202929     -0.193656921    
   1.64302933     -0.192988604    
   1.64402938     -0.192322820    
   1.64502943     -0.191659614    
   1.64602947     -0.190998971    
   1.64702952     -0.190340832    
   1.64802957     -0.189685240    
   1.64902961     -0.189032182    
   1.65002966     -0.188381597    
   1.65102971     -0.187733516    
   1.65202975     -0.187087908    
   1.65302980     -0.186444789    
   1.65402985     -0.185804114    
   1.65502989     -0.185165897    
   1.65602994     -0.184530139    
   1.65702999     -0.183896855    
   1.65803003     -0.183265969    
   1.65903008     -0.182637453    
   1.66003013     -0.182011366    
   1.66103017     -0.181387708    
   1.66203022     -0.180766433    
   1.66303027     -0.180147514    
   1.66403031     -0.179530948    
   1.66503036     -0.178916782    
   1.66603041     -0.178304896    
   1.66703045     -0.177695423    
   1.66803050     -0.177088261    
   1.66903055     -0.176483408    
   1.67003059     -0.175880864    
   1.67103064     -0.175280631    
   1.67203069     -0.174682647    
   1.67303073     -0.174087033    
   1.67403078     -0.173493594    
   1.67503083     -0.172902495    
   1.67603087     -0.172313631    
   1.67703092     -0.171726972    
   1.67803097     -0.171142578    
   1.67903101     -0.170560420    
   1.68003106     -0.169980526    
   1.68103111     -0.169402778    
   1.68203115     -0.168827236    
   1.68303120     -0.168253914    
   1.68403125     -0.167682722    
   1.68503129     -0.167113781    
   1.68603134     -0.166546956    
   1.68703139     -0.165982321    
   1.68803144     -0.165419802    
   1.68903148     -0.164859444    
   1.69003153     -0.164301172    
   1.69103158     -0.163745075    
   1.69203162     -0.163191050    
   1.69303167     -0.162639171    
   1.69403172     -0.162089363    
   1.69503176     -0.161541641    
   1.69603181     -0.160996005    
   1.69703186     -0.160452455    
   1.69803190     -0.159910962    
   1.69903195     -0.159371510    
   1.70003200     -0.158834085    
   1.70103204     -0.158298746    
   1.70203209     -0.157765374    
   1.70303214     -0.157234088    
   1.70403218     -0.156704798    
   1.70503223     -0.156177476    
   1.70603228     -0.155652210    
   1.70703232     -0.155128911    
   1.70803237     -0.154607549    
   1.70903242     -0.154088184    
   1.71003246     -0.153570831    
   1.71103251     -0.153055370    
   1.71203256     -0.152541876    
   1.71303260     -0.152030349    
   1.71403265     -0.151520729    
   1.71503270     -0.151013047    
   1.71603274     -0.150507241    
   1.71703279     -0.150003403    
   1.71803284     -0.149501458    
   1.71903288     -0.149001375    
   1.72003293     -0.148503214    
   1.72103298     -0.148006886    
   1.72203302     -0.147512466    
   1.72303307     -0.147019908    
   1.72403312     -0.146529183    
   1.72503316     -0.146040320    
   1.72603321     -0.145553306    
   1.72703326     -0.145068124    
   1.72803330     -0.144584760    
   1.72903335     -0.144103214    
   1.73003340     -0.143623471    
   1.73103344     -0.143145531    
   1.73203349     -0.142669424    
   1.73303354     -0.142195061    
   1.73403358     -0.141722515    
   1.73503363     -0.141251728    
   1.73603368     -0.140782669    
   1.73703372     -0.140315428    
   1.73803377     -0.139849901    
   1.73903382     -0.139386162    
   1.74003386     -0.138924122    
   1.74103391     -0.138463855    
   1.74203396     -0.138005286    
   1.74303401     -0.137548432    
   1.74403405     -0.137093276    
   1.74503410     -0.136639848    
   1.74603415     -0.136188120    
   1.74703419     -0.135738045    
   1.74803424     -0.135289699    
   1.74903429     -0.134843007    
   1.75003433     -0.134397984    
   1.75103438     -0.133954659    
   1.75203443     -0.133512929    
   1.75303447     -0.133072883    
   1.75403452     -0.132634491    
   1.75503457     -0.132197723    
   1.75603461     -0.131762579    
   1.75703466     -0.131329045    
   1.75803471     -0.130897149    
   1.75903475     -0.130466864    
   1.76003480     -0.130038157    
   1.76103485     -0.129611075    
   1.76203489     -0.129185587    
   1.76303494     -0.128761649    
   1.76403499     -0.128339306    
   1.76503503     -0.127918541    
   1.76603508     -0.127499327    
   1.76703513     -0.127081677    
   1.76803517     -0.126665577    
   1.76903522     -0.126251042    
   1.77003527     -0.125838012    
   1.77103531     -0.125426531    
   1.77203536     -0.125016585    
   1.77303541     -0.124608159    
   1.77403545     -0.124201261    
   1.77503550     -0.123795822    
   1.77603555     -0.123391934    
   1.77703559     -0.122989520    
   1.77803564     -0.122588597    
   1.77903569     -0.122189172    
   1.78003573     -0.121791236    
   1.78103578     -0.121394746    
   1.78203583     -0.120999709    
   1.78303587     -0.120606177    
   1.78403592     -0.120214075    
   1.78503597     -0.119823404    
   1.78603601     -0.119434193    
   1.78703606     -0.119046427    
   1.78803611     -0.118660063    
   1.78903615     -0.118275151    
   1.79003620     -0.117891662    
   1.79103625     -0.117509581    
   1.79203629     -0.117128909    
   1.79303634     -0.116749614    
   1.79403639     -0.116371751    
   1.79503644     -0.115995273    
   1.79603648     -0.115620174    
   1.79703653     -0.115246452    
   1.79803658     -0.114874125    
   1.79903662     -0.114503145    
   1.80003667     -0.114133514    
   1.80103672     -0.113765277    
   1.80203676     -0.113398388    
   1.80303681     -0.113032818    
   1.80403686     -0.112668589    
   1.80503690     -0.112305731    
   1.80603695     -0.111944176    
   1.80703700     -0.111583963    
   1.80803704     -0.111225069    
   1.80903709     -0.110867471    
   1.81003714     -0.110511206    
   1.81103718     -0.110156223    
   1.81203723     -0.109802552    
   1.81303728     -0.109450176    
   1.81403732     -0.109099075    
   1.81503737     -0.108749293    
   1.81603742     -0.108400747    
   1.81703746     -0.108053483    
   1.81803751     -0.107707515    
   1.81903756     -0.107362777    
   1.82003760     -0.107019313    
   1.82103765     -0.106677122    
   1.82203770     -0.106336154    
   1.82303774     -0.105996430    
   1.82403779     -0.105657935    
   1.82503784     -0.105320692    
   1.82603788     -0.104984678    
   1.82703793     -0.104649864    
   1.82803798     -0.104316272    
   1.82903802     -0.103983901    
   1.83003807     -0.103652745    
   1.83103812     -0.103322797    
   1.83203816     -0.102994025    
   1.83303821     -0.102666475    
   1.83403826     -0.102340087    
   1.83503830     -0.102014892    
   1.83603835     -0.101690888    
   1.83703840     -0.101368047    
   1.83803844     -0.101046383    
   1.83903849     -0.100725874    
   1.84003854     -0.100406535    
   1.84103858     -0.100088358    
   1.84203863      -9.97713208E-02
   1.84303868      -9.94554386E-02
   1.84403872      -9.91406813E-02
   1.84503877      -9.88270789E-02
   1.84603882      -9.85146016E-02
   1.84703887      -9.82032567E-02
   1.84803891      -9.78930369E-02
   1.84903896      -9.75839496E-02
   1.85003901      -9.72759575E-02
   1.85103905      -9.69690979E-02
   1.85203910      -9.66633484E-02
   1.85303915      -9.63586718E-02
   1.85403919      -9.60550904E-02
   1.85503924      -9.57526192E-02
   1.85603929      -9.54512283E-02
   1.85703933      -9.51509476E-02
   1.85803938      -9.48517174E-02
   1.85903943      -9.45535824E-02
   1.86003947      -9.42564979E-02
   1.86103952      -9.39605013E-02
   1.86203957      -9.36655477E-02
   1.86303961      -9.33716893E-02
   1.86403966      -9.30788368E-02
   1.86503971      -9.27870795E-02
   1.86603975      -9.24963504E-02
   1.86703980      -9.22066495E-02
   1.86803985      -9.19180214E-02
   1.86903989      -9.16303843E-02
   1.87003994      -9.13438052E-02
   1.87103999      -9.10582542E-02
   1.87204003      -9.07737240E-02
   1.87304008      -9.04901922E-02
   1.87404013      -9.02076885E-02
   1.87504017      -8.99261832E-02
   1.87604022      -8.96456912E-02
   1.87704027      -8.93662125E-02
   1.87804031      -8.90877098E-02
   1.87904036      -8.88102129E-02
   1.88004041      -8.85337144E-02
   1.88104045      -8.82581919E-02
   1.88204050      -8.79836529E-02
   1.88304055      -8.77100900E-02
   1.88404059      -8.74374956E-02
   1.88504064      -8.71658921E-02
   1.88604069      -8.68952349E-02
   1.88704073      -8.66255462E-02
   1.88804078      -8.63568187E-02
   1.88904083      -8.60890448E-02
   1.89004087      -8.58222246E-02
   1.89104092      -8.55563506E-02
   1.89204097      -8.52914155E-02
   1.89304101      -8.50274265E-02
   1.89404106      -8.47643614E-02
   1.89504111      -8.45022500E-02
   1.89604115      -8.42410550E-02
   1.89704120      -8.39807913E-02
   1.89804125      -8.37214589E-02
   1.89904130      -8.34630206E-02
   1.90004134      -8.32055137E-02
   1.90104139      -8.29489231E-02
   1.90204144      -8.26932192E-02
   1.90304148      -8.24384391E-02
   1.90404153      -8.21845531E-02
   1.90504158      -8.19315687E-02
   1.90604162      -8.16794485E-02
   1.90704167      -8.14282447E-02
   1.90804172      -8.11779276E-02
   1.90904176      -8.09284821E-02
   1.91004181      -8.06799307E-02
   1.91104186      -8.04322362E-02
   1.91204190      -8.01854208E-02
   1.91304195      -7.99394846E-02
   1.91404200      -7.96943977E-02
   1.91504204      -7.94501901E-02
   1.91604209      -7.92068467E-02
   1.91704214      -7.89643452E-02
   1.91804218      -7.87226930E-02
   1.91904223      -7.84818754E-02
   1.92004228      -7.82419369E-02
   1.92104232      -7.80028105E-02
   1.92204237      -7.77645558E-02
   1.92304242      -7.75270984E-02
   1.92404246      -7.72905052E-02
   1.92504251      -7.70547315E-02
   1.92604256      -7.68197700E-02
   1.92704260      -7.65856504E-02
   1.92804265      -7.63523281E-02
   1.92904270      -7.61198476E-02
   1.93004274      -7.58881718E-02
   1.93104279      -7.56573081E-02
   1.93204284      -7.54272416E-02
   1.93304288      -7.51979873E-02
   1.93404293      -7.49695227E-02
   1.93504298      -7.47418627E-02
   1.93604302      -7.45149925E-02
   1.93704307      -7.42889270E-02
   1.93804312      -7.40636438E-02
   1.93904316      -7.38391355E-02
   1.94004321      -7.36154094E-02
   1.94104326      -7.33924732E-02
   1.94204330      -7.31703043E-02
   1.94304335      -7.29489103E-02
   1.94404340      -7.27282912E-02
   1.94504344      -7.25084320E-02
   1.94604349      -7.22893402E-02
   1.94704354      -7.20710233E-02
   1.94804358      -7.18534440E-02
   1.94904363      -7.16366246E-02
   1.95004368      -7.14205578E-02
   1.95104373      -7.12052360E-02
   1.95204377      -7.09906667E-02
   1.95304382      -7.07768425E-02
   1.95404387      -7.05637634E-02
   1.95504391      -7.03514069E-02
   1.95604396      -7.01398030E-02
   1.95704401      -6.99289218E-02
   1.95804405      -6.97187707E-02
   1.95904410      -6.95093349E-02
   1.96004415      -6.93006366E-02
   1.96104419      -6.90926537E-02
   1.96204424      -6.88854009E-02
   1.96304429      -6.86788484E-02
   1.96404433      -6.84730113E-02
   1.96504438      -6.82678819E-02
   1.96604443      -6.80634603E-02
   1.96704447      -6.78597465E-02
   1.96804452      -6.76567405E-02
   1.96904457      -6.74544275E-02
   1.97004461      -6.72527999E-02
   1.97104466      -6.70518801E-02
   1.97204471      -6.68516383E-02
   1.97304475      -6.66520894E-02
   1.97404480      -6.64532334E-02
   1.97504485      -6.62550628E-02
   1.97604489      -6.60575554E-02
   1.97704494      -6.58607483E-02
   1.97804499      -6.56645969E-02
   1.97904503      -6.54691309E-02
   1.98004508      -6.52743280E-02
   1.98104513      -6.50801957E-02
   1.98204517      -6.48867264E-02
   1.98304522      -6.46939129E-02
   1.98404527      -6.45017624E-02
   1.98504531      -6.43102750E-02
   1.98604536      -6.41194358E-02
   1.98704541      -6.39292523E-02
   1.98804545      -6.37397319E-02
   1.98904550      -6.35508373E-02
   1.99004555      -6.33625835E-02
   1.99104559      -6.31750003E-02
   1.99204564      -6.29880354E-02
   1.99304569      -6.28016964E-02
   1.99404573      -6.26160055E-02
   1.99504578      -6.24309592E-02
   1.99604583      -6.22465238E-02
   1.99704587      -6.20627292E-02
   1.99804592      -6.18795641E-02
   1.99904597      -6.16970100E-02
   2.00004601      -6.15150779E-02
   2.00104594      -6.13337979E-02
   2.00204587      -6.11531138E-02
   2.00304580      -6.09730631E-02
   2.00404572      -6.07936010E-02
   2.00504565      -6.06147684E-02
   2.00604558      -6.04365133E-02
   2.00704551      -6.02588914E-02
   2.00804543      -6.00818582E-02
   2.00904536      -5.99054284E-02
   2.01004529      -5.97295910E-02
   2.01104522      -5.95543608E-02
   2.01204515      -5.93797192E-02
   2.01304507      -5.92056513E-02
   2.01404500      -5.90321906E-02
   2.01504493      -5.88593036E-02
   2.01604486      -5.86870089E-02
   2.01704478      -5.85152991E-02
   2.01804471      -5.83441593E-02
   2.01904464      -5.81735894E-02
   2.02004457      -5.80036081E-02
   2.02104449      -5.78341968E-02
   2.02204442      -5.76653592E-02
   2.02304435      -5.74970804E-02
   2.02404428      -5.73293902E-02
   2.02504420      -5.71622439E-02
   2.02604413      -5.69956638E-02
   2.02704406      -5.68296276E-02
   2.02804399      -5.66641800E-02
   2.02904391      -5.64992614E-02
   2.03004384      -5.63349053E-02
   2.03104377      -5.61711080E-02
   2.03204370      -5.60078584E-02
   2.03304362      -5.58451451E-02
   2.03404355      -5.56829795E-02
   2.03504348      -5.55213727E-02
   2.03604341      -5.53602986E-02
   2.03704333      -5.51997460E-02
   2.03804326      -5.50397523E-02
   2.03904319      -5.48802875E-02
   2.04004312      -5.47213517E-02
   2.04104304      -5.45629486E-02
   2.04204297      -5.44050820E-02
   2.04304290      -5.42477444E-02
   2.04404283      -5.40909208E-02
   2.04504275      -5.39346188E-02
   2.04604268      -5.37788458E-02
   2.04704261      -5.36235943E-02
   2.04804254      -5.34688644E-02
   2.04904246      -5.33146262E-02
   2.05004239      -5.31609170E-02
   2.05104232      -5.30077219E-02
   2.05204225      -5.28550260E-02
   2.05304217      -5.27028553E-02
   2.05404210      -5.25511727E-02
   2.05504203      -5.23999929E-02
   2.05604196      -5.22493236E-02
   2.05704188      -5.20991609E-02
   2.05804181      -5.19494936E-02
   2.05904174      -5.18003069E-02
   2.06004167      -5.16516417E-02
   2.06104159      -5.15034534E-02
   2.06204152      -5.13557605E-02
   2.06304145      -5.12085445E-02
   2.06404138      -5.10618277E-02
   2.06504130      -5.09155914E-02
   2.06604123      -5.07698320E-02
   2.06704116      -5.06245680E-02
   2.06804109      -5.04797846E-02
   2.06904101      -5.03354780E-02
   2.07004094      -5.01916371E-02
   2.07104087      -5.00482768E-02
   2.07204080      -4.99053933E-02
   2.07304072      -4.97629791E-02
   2.07404065      -4.96210195E-02
   2.07504058      -4.94795516E-02
   2.07604051      -4.93385382E-02
   2.07704043      -4.91979867E-02
   2.07804036      -4.90579084E-02
   2.07904029      -4.89182733E-02
   2.08004022      -4.87791188E-02
   2.08104014      -4.86404039E-02
   2.08204007      -4.85021472E-02
   2.08304000      -4.83643524E-02
   2.08403993      -4.82269973E-02
   2.08503985      -4.80901115E-02
   2.08603978      -4.79536578E-02
   2.08703971      -4.78176586E-02
   2.08803964      -4.76821065E-02
   2.08903956      -4.75470014E-02
   2.09003949      -4.74123247E-02
   2.09103942      -4.72780988E-02
   2.09203935      -4.71443236E-02
   2.09303927      -4.70109582E-02
   2.09403920      -4.68780473E-02
   2.09503913      -4.67455760E-02
   2.09603906      -4.66135256E-02
   2.09703898      -4.64819074E-02
   2.09803891      -4.63507250E-02
   2.09903884      -4.62199673E-02
   2.10003877      -4.60896268E-02
   2.10103869      -4.59597260E-02
   2.10203862      -4.58302423E-02
   2.10303855      -4.57011797E-02
   2.10403848      -4.55725305E-02
   2.10503840      -4.54443097E-02
   2.10603833      -4.53164987E-02
   2.10703826      -4.51891199E-02
   2.10803819      -4.50621434E-02
   2.10903811      -4.49355729E-02
   2.11003804      -4.48094197E-02
   2.11103797      -4.46836650E-02
   2.11203790      -4.45583463E-02
   2.11303782      -4.44334187E-02
   2.11403775      -4.43088785E-02
   2.11503768      -4.41847630E-02
   2.11603761      -4.40610386E-02
   2.11703753      -4.39377315E-02
   2.11803746      -4.38148119E-02
   2.11903739      -4.36922908E-02
   2.12003732      -4.35701571E-02
   2.12103724      -4.34484370E-02
   2.12203717      -4.33270931E-02
   2.12303710      -4.32061478E-02
   2.12403703      -4.30855975E-02
   2.12503695      -4.29654308E-02
   2.12603688      -4.28456515E-02
   2.12703681      -4.27262522E-02
   2.12803674      -4.26072590E-02
   2.12903666      -4.24886197E-02
   2.13003659      -4.23703864E-02
   2.13103652      -4.22525294E-02
   2.13203645      -4.21350449E-02
   2.13303638      -4.20179404E-02
   2.13403630      -4.19012085E-02
   2.13503623      -4.17848639E-02
   2.13603616      -4.16688770E-02
   2.13703609      -4.15532812E-02
   2.13803601      -4.14380431E-02
   2.13903594      -4.13231812E-02
   2.14003587      -4.12086844E-02
   2.14103580      -4.10945490E-02
   2.14203572      -4.09807935E-02
   2.14303565      -4.08673882E-02
   2.14403558      -4.07543555E-02
   2.14503551      -4.06416841E-02
   2.14603543      -4.05293629E-02
   2.14703536      -4.04174104E-02
   2.14803529      -4.03058156E-02
   2.14903522      -4.01945710E-02
   2.15003514      -4.00836878E-02
   2.15103507      -3.99731658E-02
   2.15203500      -3.98629755E-02
   2.15303493      -3.97531502E-02
   2.15403485      -3.96436676E-02
   2.15503478      -3.95345502E-02
   2.15603471      -3.94257717E-02
   2.15703464      -3.93173359E-02
   2.15803456      -3.92092541E-02
   2.15903449      -3.91015075E-02
   2.16003442      -3.89941074E-02
   2.16103435      -3.88870463E-02
   2.16203427      -3.87803204E-02
   2.16303420      -3.86739410E-02
   2.16403413      -3.85679044E-02
   2.16503406      -3.84621918E-02
   2.16603398      -3.83568220E-02
   2.16703391      -3.82517874E-02
   2.16803384      -3.81470844E-02
   2.16903377      -3.80427092E-02
   2.17003369      -3.79386693E-02
   2.17103362      -3.78349572E-02
   2.17203355      -3.77315842E-02
   2.17303348      -3.76285203E-02
   2.17403340      -3.75257879E-02
   2.17503333      -3.74233834E-02
   2.17603326      -3.73212993E-02
   2.17703319      -3.72195467E-02
   2.17803311      -3.71181034E-02
   2.17903304      -3.70169841E-02
   2.18003297      -3.69161852E-02
   2.18103290      -3.68157029E-02
   2.18203282      -3.67155410E-02
   2.18303275      -3.66156884E-02
   2.18403268      -3.65161635E-02
   2.18503261      -3.64169404E-02
   2.18603253      -3.63180377E-02
   2.18703246      -3.62194330E-02
   2.18803239      -3.61211449E-02
   2.18903232      -3.60231660E-02
   2.19003224      -3.59254926E-02
   2.19103217      -3.58281322E-02
   2.19203210      -3.57310735E-02
   2.19303203      -3.56343165E-02
   2.19403195      -3.55378687E-02
   2.19503188      -3.54417227E-02
   2.19603181      -3.53458785E-02
   2.19703174      -3.52503248E-02
   2.19803166      -3.51550803E-02
   2.19903159      -3.50601263E-02
   2.20003152      -3.49654742E-02
   2.20103145      -3.48711163E-02
   2.20203137      -3.47770602E-02
   2.20303130      -3.46832983E-02
   2.20403123      -3.45898233E-02
   2.20503116      -3.44966315E-02
   2.20603108      -3.44037414E-02
   2.20703101      -3.43111455E-02
   2.20803094      -3.42188329E-02
   2.20903087      -3.41268070E-02
   2.21003079      -3.40350643E-02
   2.21103072      -3.39436196E-02
   2.21203065      -3.38524431E-02
   2.21303058      -3.37615684E-02
   2.21403050      -3.36709619E-02
   2.21503043      -3.35806496E-02
   2.21603036      -3.34906131E-02
   2.21703029      -3.34008522E-02
   2.21803021      -3.33113633E-02
   2.21903014      -3.32221724E-02
   2.22003007      -3.31332423E-02
   2.22103000      -3.30445878E-02
   2.22202992      -3.29562165E-02
   2.22302985      -3.28681171E-02
   2.22402978      -3.27802859E-02
   2.22502971      -3.26927379E-02
   2.22602963      -3.26054469E-02
   2.22702956      -3.25184353E-02
   2.22802949      -3.24316844E-02
   2.22902942      -3.23452130E-02
   2.23002934      -3.22589986E-02
   2.23102927      -3.21730599E-02
   2.23202920      -3.20873708E-02
   2.23302913      -3.20019647E-02
   2.23402905      -3.19168158E-02
   2.23502898      -3.18319276E-02
   2.23602891      -3.17472965E-02
   2.23702884      -3.16629335E-02
   2.23802876      -3.15788314E-02
   2.23902869      -3.14949863E-02
   2.24002862      -3.14113945E-02
   2.24102855      -3.13280597E-02
   2.24202847      -3.12449895E-02
   2.24302840      -3.11621707E-02
   2.24402833      -3.10796108E-02
   2.24502826      -3.09972912E-02
   2.24602818      -3.09152398E-02
   2.24702811      -3.08334325E-02
   2.24802804      -3.07518803E-02
   2.24902797      -3.06705683E-02
   2.25002789      -3.05895191E-02
   2.25102782      -3.05087101E-02
   2.25202775      -3.04281469E-02
   2.25302768      -3.03478371E-02
   2.25402761      -3.02677695E-02
   2.25502753      -3.01879421E-02
   2.25602746      -3.01083699E-02
   2.25702739      -3.00290305E-02
   2.25802732      -2.99499407E-02
   2.25902724      -2.98710838E-02
   2.26002717      -2.97924783E-02
   2.26102710      -2.97141057E-02
   2.26202703      -2.96359714E-02
   2.26302695      -2.95580793E-02
   2.26402688      -2.94804238E-02
   2.26502681      -2.94030104E-02
   2.26602674      -2.93258205E-02
   2.26702666      -2.92488746E-02
   2.26802659      -2.91721597E-02
   2.26902652      -2.90956777E-02
   2.27002645      -2.90194340E-02
   2.27102637      -2.89434139E-02
   2.27202630      -2.88676266E-02
   2.27302623      -2.87920721E-02
   2.27402616      -2.87167449E-02
   2.27502608      -2.86416505E-02
   2.27602601      -2.85667796E-02
   2.27702594      -2.84921322E-02
   2.27802587      -2.84177251E-02
   2.27902579      -2.83435285E-02
   2.28002572      -2.82695647E-02
   2.28102565      -2.81958263E-02
   2.28202558      -2.81223077E-02
   2.28302550      -2.80490071E-02
   2.28402543      -2.79759336E-02
   2.28502536      -2.79030818E-02
   2.28602529      -2.78304443E-02
   2.28702521      -2.77580246E-02
   2.28802514      -2.76858304E-02
   2.28902507      -2.76138522E-02
   2.29002500      -2.75420919E-02
   2.29102492      -2.74705514E-02
   2.29202485      -2.73992214E-02
   2.29302478      -2.73281038E-02
   2.29402471      -2.72572041E-02
   2.29502463      -2.71865204E-02
   2.29602456      -2.71160416E-02
   2.29702449      -2.70457845E-02
   2.29802442      -2.69757304E-02
   2.29902434      -2.69058906E-02
   2.30002427      -2.68362612E-02
   2.30102420      -2.67668366E-02
   2.30202413      -2.66976301E-02
   2.30302405      -2.66286209E-02
   2.30402398      -2.65598204E-02
   2.30502391      -2.64912304E-02
   2.30602384      -2.64228433E-02
   2.30702376      -2.63546649E-02
   2.30802369      -2.62866858E-02
   2.30902362      -2.62189098E-02
   2.31002355      -2.61513405E-02
   2.31102347      -2.60839723E-02
   2.31202340      -2.60168016E-02
   2.31302333      -2.59498358E-02
   2.31402326      -2.58830711E-02
   2.31502318      -2.58164983E-02
   2.31602311      -2.57501323E-02
   2.31702304      -2.56839655E-02
   2.31802297      -2.56179906E-02
   2.31902289      -2.55522113E-02
   2.32002282      -2.54866313E-02
   2.32102275      -2.54212469E-02
   2.32202268      -2.53560524E-02
   2.32302260      -2.52910610E-02
   2.32402253      -2.52262577E-02
   2.32502246      -2.51616463E-02
   2.32602239      -2.50972249E-02
   2.32702231      -2.50330027E-02
   2.32802224      -2.49689631E-02
   2.32902217      -2.49051210E-02
   2.33002210      -2.48414632E-02
   2.33102202      -2.47779917E-02
   2.33202195      -2.47147158E-02
   2.33302188      -2.46516205E-02
   2.33402181      -2.45887227E-02
   2.33502173      -2.45260037E-02
   2.33602166      -2.44634636E-02
   2.33702159      -2.44011208E-02
   2.33802152      -2.43389532E-02
   2.33902144      -2.42769793E-02
   2.34002137      -2.42151842E-02
   2.34102130      -2.41535697E-02
   2.34202123      -2.40921341E-02
   2.34302115      -2.40308885E-02
   2.34402108      -2.39698179E-02
   2.34502101      -2.39089280E-02
   2.34602094      -2.38482188E-02
   2.34702086      -2.37876903E-02
   2.34802079      -2.37273350E-02
   2.34902072      -2.36671567E-02
   2.35002065      -2.36071683E-02
   2.35102057      -2.35473402E-02
   2.35202050      -2.34876983E-02
   2.35302043      -2.34282315E-02
   2.35402036      -2.33689360E-02
   2.35502028      -2.33098157E-02
   2.35602021      -2.32508704E-02
   2.35702014      -2.31920965E-02
   2.35802007      -2.31334921E-02
   2.35901999      -2.30750665E-02
   2.36001992      -2.30168104E-02
   2.36101985      -2.29587201E-02
   2.36201978      -2.29008049E-02
   2.36301970      -2.28430573E-02
   2.36401963      -2.27854829E-02
   2.36501956      -2.27280743E-02
   2.36601949      -2.26708297E-02
   2.36701941      -2.26137582E-02
   2.36801934      -2.25568470E-02
   2.36901927      -2.25001108E-02
   2.37001920      -2.24435329E-02
   2.37101912      -2.23871246E-02
   2.37201905      -2.23308820E-02
   2.37301898      -2.22748015E-02
   2.37401891      -2.22188830E-02
   2.37501884      -2.21631266E-02
   2.37601876      -2.21075341E-02
   2.37701869      -2.20521074E-02
   2.37801862      -2.19968390E-02
   2.37901855      -2.19417326E-02
   2.38001847      -2.18867864E-02
   2.38101840      -2.18319967E-02
   2.38201833      -2.17773691E-02
   2.38301826      -2.17229035E-02
   2.38401818      -2.16685887E-02
   2.38501811      -2.16144342E-02
   2.38601804      -2.15604417E-02
   2.38701797      -2.15065964E-02
   2.38801789      -2.14529149E-02
   2.38901782      -2.13993918E-02
   2.39001775      -2.13460177E-02
   2.39101768      -2.12927964E-02
   2.39201760      -2.12397333E-02
   2.39301753      -2.11868249E-02
   2.39401746      -2.11340692E-02
   2.39501739      -2.10814644E-02
   2.39601731      -2.10290104E-02
   2.39701724      -2.09767111E-02
   2.39801717      -2.09245626E-02
   2.39901710      -2.08725650E-02
   2.40001702      -2.08207145E-02
   2.40101695      -2.07690131E-02
   2.40201688      -2.07174625E-02
   2.40301681      -2.06660610E-02
   2.40401673      -2.06148103E-02
   2.40501666      -2.05637012E-02
   2.40601659      -2.05127485E-02
   2.40701652      -2.04619374E-02
   2.40801644      -2.04112716E-02
   2.40901637      -2.03607492E-02
   2.41001630      -2.03103777E-02
   2.41101623      -2.02601478E-02
   2.41201615      -2.02100594E-02
   2.41301608      -2.01601200E-02
   2.41401601      -2.01103240E-02
   2.41501594      -2.00606659E-02
   2.41601586      -2.00111549E-02
   2.41701579      -1.99617837E-02
   2.41801572      -1.99125558E-02
   2.41901565      -1.98634658E-02
   2.42001557      -1.98145192E-02
   2.42101550      -1.97657105E-02
   2.42201543      -1.97170414E-02
   2.42301536      -1.96685139E-02
   2.42401528      -1.96201261E-02
   2.42501521      -1.95718743E-02
   2.42601514      -1.95237603E-02
   2.42701507      -1.94757842E-02
   2.42801499      -1.94279458E-02
   2.42901492      -1.93802435E-02
   2.43001485      -1.93326790E-02
   2.43101478      -1.92852467E-02
   2.43201470      -1.92379504E-02
   2.43301463      -1.91907901E-02
   2.43401456      -1.91437639E-02
   2.43501449      -1.90968756E-02
   2.43601441      -1.90501120E-02
   2.43701434      -1.90034900E-02
   2.43801427      -1.89569965E-02
   2.43901420      -1.89106371E-02
   2.44001412      -1.88644063E-02
   2.44101405      -1.88183095E-02
   2.44201398      -1.87723394E-02
   2.44301391      -1.87265035E-02
   2.44401383      -1.86807979E-02
   2.44501376      -1.86352227E-02
   2.44601369      -1.85897741E-02
   2.44701362      -1.85444579E-02
   2.44801354      -1.84992664E-02
   2.44901347      -1.84542034E-02
   2.45001340      -1.84092671E-02
   2.45101333      -1.83644611E-02
   2.45201325      -1.83197781E-02
   2.45301318      -1.82752237E-02
   2.45401311      -1.82307959E-02
   2.45501304      -1.81864947E-02
   2.45601296      -1.81423184E-02
   2.45701289      -1.80982631E-02
   2.45801282      -1.80543326E-02
   2.45901275      -1.80105288E-02
   2.46001267      -1.79668479E-02
   2.46101260      -1.79232918E-02
   2.46201253      -1.78798549E-02
   2.46301246      -1.78365428E-02
   2.46401238      -1.77933499E-02
   2.46501231      -1.77502800E-02
   2.46601224      -1.77073330E-02
   2.46701217      -1.76645033E-02
   2.46801209      -1.76218003E-02
   2.46901202      -1.75792146E-02
   2.47001195      -1.75367463E-02
   2.47101188      -1.74943972E-02
   2.47201180      -1.74521711E-02
   2.47301173      -1.74100567E-02
   2.47401166      -1.73680633E-02
   2.47501159      -1.73261892E-02
   2.47601151      -1.72844324E-02
   2.47701144      -1.72427911E-02
   2.47801137      -1.72012690E-02
   2.47901130      -1.71598606E-02
   2.48001122      -1.71185695E-02
   2.48101115      -1.70773901E-02
   2.48201108      -1.70363337E-02
   2.48301101      -1.69953834E-02
   2.48401093      -1.69545524E-02
   2.48501086      -1.69138331E-02
   2.48601079      -1.68732312E-02
   2.48701072      -1.68327410E-02
   2.48801064      -1.67923626E-02
   2.48901057      -1.67520959E-02
   2.49001050      -1.67119429E-02
   2.49101043      -1.66719034E-02
   2.49201035      -1.66319739E-02
   2.49301028      -1.65921543E-02
   2.49401021      -1.65524445E-02
   2.49501014      -1.65128484E-02
   2.49601007      -1.64733641E-02
   2.49700999      -1.64339878E-02
   2.49800992      -1.63947176E-02
   2.49900985      -1.63555592E-02
   2.50000978      -1.63165089E-02
   2.50100970      -1.62775647E-02
   2.50200963      -1.62387341E-02
   2.50300956      -1.62000116E-02
   2.50400949      -1.61613915E-02
   2.50500941      -1.61228795E-02
   2.50600934      -1.60844754E-02
   2.50700927      -1.60461757E-02
   2.50800920      -1.60079841E-02
   2.50900912      -1.59698967E-02
   2.51000905      -1.59319174E-02
   2.51100898      -1.58940405E-02
   2.51200891      -1.58562716E-02
   2.51300883      -1.58186052E-02
   2.51400876      -1.57810412E-02
   2.51500869      -1.57435797E-02
   2.51600862      -1.57062262E-02
   2.51700854      -1.56689752E-02
   2.51800847      -1.56318229E-02
   2.51900840      -1.55947777E-02
   2.52000833      -1.55578302E-02
   2.52100825      -1.55209862E-02
   2.52200818      -1.54842455E-02
   2.52300811      -1.54476017E-02
   2.52400804      -1.54110640E-02
   2.52500796      -1.53746251E-02
   2.52600789      -1.53382840E-02
   2.52700782      -1.53020453E-02
   2.52800775      -1.52659025E-02
   2.52900767      -1.52298640E-02
   2.53000760      -1.51939224E-02
   2.53100753      -1.51580786E-02
   2.53200746      -1.51223345E-02
   2.53300738      -1.50866890E-02
   2.53400731      -1.50511386E-02
   2.53500724      -1.50156859E-02
   2.53600717      -1.49803339E-02
   2.53700709      -1.49450740E-02
   2.53800702      -1.49099128E-02
   2.53900695      -1.48748504E-02
   2.54000688      -1.48398802E-02
   2.54100680      -1.48050068E-02
   2.54200673      -1.47702275E-02
   2.54300666      -1.47355460E-02
   2.54400659      -1.47009566E-02
   2.54500651      -1.46664651E-02
   2.54600644      -1.46320648E-02
   2.54700637      -1.45977577E-02
   2.54800630      -1.45635437E-02
   2.54900622      -1.45294247E-02
   2.55000615      -1.44953970E-02
   2.55100608      -1.44614680E-02
   2.55200601      -1.44276237E-02
   2.55300593      -1.43938744E-02
   2.55400586      -1.43602183E-02
   2.55500579      -1.43266534E-02
   2.55600572      -1.42931771E-02
   2.55700564      -1.42597966E-02
   2.55800557      -1.42265027E-02
   2.55900550      -1.41933002E-02
   2.56000543      -1.41601870E-02
   2.56100535      -1.41271679E-02
   2.56200528      -1.40942344E-02
   2.56300521      -1.40613904E-02
   2.56400514      -1.40286349E-02
   2.56500506      -1.39959715E-02
   2.56600499      -1.39633929E-02
   2.56700492      -1.39309037E-02
   2.56800485      -1.38985021E-02
   2.56900477      -1.38661908E-02
   2.57000470      -1.38339633E-02
   2.57100463      -1.38018243E-02
   2.57200456      -1.37697710E-02
   2.57300448      -1.37378061E-02
   2.57400441      -1.37059269E-02
   2.57500434      -1.36741363E-02
   2.57600427      -1.36424284E-02
   2.57700419      -1.36108063E-02
   2.57800412      -1.35792689E-02
   2.57900405      -1.35478191E-02
   2.58000398      -1.35164503E-02
   2.58100390      -1.34851700E-02
   2.58200383      -1.34539725E-02
   2.58300376      -1.34228580E-02
   2.58400369      -1.33918291E-02
   2.58500361      -1.33608803E-02
   2.58600354      -1.33300181E-02
   2.58700347      -1.32992379E-02
   2.58800340      -1.32685397E-02
   2.58900332      -1.32379243E-02
   2.59000325      -1.32073900E-02
   2.59100318      -1.31769385E-02
   2.59200311      -1.31465690E-02
   2.59300303      -1.31162805E-02
   2.59400296      -1.30860731E-02
   2.59500289      -1.30559495E-02
   2.59600282      -1.30259022E-02
   2.59700274      -1.29959369E-02
   2.59800267      -1.29660517E-02
   2.59900260      -1.29362466E-02
   2.60000253      -1.29065225E-02
   2.60100245      -1.28768748E-02
   2.60200238      -1.28473109E-02
   2.60300231      -1.28178224E-02
   2.60400224      -1.27884150E-02
   2.60500216      -1.27590820E-02
   2.60600209      -1.27298320E-02
   2.60700202      -1.27006574E-02
   2.60800195      -1.26715600E-02
   2.60900187      -1.26425428E-02
   2.61000180      -1.26136020E-02
   2.61100173      -1.25847384E-02
   2.61200166      -1.25559503E-02
   2.61300159      -1.25272386E-02
   2.61400151      -1.24986041E-02
   2.61500144      -1.24700470E-02
   2.61600137      -1.24415671E-02
   2.61700130      -1.24131590E-02
   2.61800122      -1.23848263E-02
   2.61900115      -1.23565719E-02
   2.62000108      -1.23283910E-02
   2.62100101      -1.23002864E-02
   2.62200093      -1.22722527E-02
   2.62300086      -1.22442953E-02
   2.62400079      -1.22164125E-02
   2.62500072      -1.21886041E-02
   2.62600064      -1.21608702E-02
   2.62700057      -1.21332062E-02
   2.62800050      -1.21056167E-02
   2.62900043      -1.20781036E-02
   2.63000035      -1.20506594E-02
   2.63100028      -1.20232897E-02
   2.63200021      -1.19959926E-02
   2.63300014      -1.19687645E-02
   2.63400006      -1.19416108E-02
   2.63499999      -1.19145289E-02
   2.63599992      -1.18875178E-02
   2.63699985      -1.18605783E-02
   2.63799977      -1.18337078E-02
   2.63899970      -1.18069127E-02
   2.63999963      -1.17801856E-02
   2.64099956      -1.17535274E-02
   2.64199948      -1.17269410E-02
   2.64299941      -1.17004253E-02
   2.64399934      -1.16739776E-02
   2.64499927      -1.16475997E-02
   2.64599919      -1.16212917E-02
   2.64699912      -1.15950545E-02
   2.64799905      -1.15688844E-02
   2.64899898      -1.15427822E-02
   2.64999890      -1.15167499E-02
   2.65099883      -1.14907864E-02
   2.65199876      -1.14648910E-02
   2.65299869      -1.14390617E-02
   2.65399861      -1.14133023E-02
   2.65499854      -1.13876080E-02
   2.65599847      -1.13619836E-02
   2.65699840      -1.13364244E-02
   2.65799832      -1.13109332E-02
   2.65899825      -1.12855099E-02
   2.65999818      -1.12601519E-02
   2.66099811      -1.12348599E-02
   2.66199803      -1.12096332E-02
   2.66299796      -1.11844735E-02
   2.66399789      -1.11593781E-02
   2.66499782      -1.11343488E-02
   2.66599774      -1.11093866E-02
   2.66699767      -1.10844895E-02
   2.66799760      -1.10596549E-02
   2.66899753      -1.10348845E-02
   2.66999745      -1.10101830E-02
   2.67099738      -1.09855430E-02
   2.67199731      -1.09609663E-02
   2.67299724      -1.09364567E-02
   2.67399716      -1.09120086E-02
   2.67499709      -1.08876238E-02
   2.67599702      -1.08633032E-02
   2.67699695      -1.08390469E-02
   2.67799687      -1.08148539E-02
   2.67899680      -1.07907215E-02
   2.67999673      -1.07666515E-02
   2.68099666      -1.07426457E-02
   2.68199658      -1.07187023E-02
   2.68299651      -1.06948214E-02
   2.68399644      -1.06710000E-02
   2.68499637      -1.06472410E-02
   2.68599629      -1.06235435E-02
   2.68699622      -1.05999094E-02
   2.68799615      -1.05763366E-02
   2.68899608      -1.05528235E-02
   2.68999600      -1.05293691E-02
   2.69099593      -1.05059799E-02
   2.69199586      -1.04826475E-02
   2.69299579      -1.04593784E-02
   2.69399571      -1.04361679E-02
   2.69499564      -1.04130181E-02
   2.69599557      -1.03899268E-02
   2.69699550      -1.03668943E-02
   2.69799542      -1.03439242E-02
   2.69899535      -1.03210108E-02
   2.69999528      -1.02981562E-02
   2.70099521      -1.02753630E-02
   2.70199513      -1.02526257E-02
   2.70299506      -1.02299489E-02
   2.70399499      -1.02073308E-02
   2.70499492      -1.01847704E-02
   2.70599484      -1.01622669E-02
   2.70699477      -1.01398220E-02
   2.70799470      -1.01174349E-02
   2.70899463      -1.00951074E-02
   2.70999455      -1.00728339E-02
   2.71099448      -1.00506190E-02
   2.71199441      -1.00284610E-02
   2.71299434      -1.00063607E-02
   2.71399426      -9.98431537E-03
   2.71499419      -9.96232871E-03
   2.71599412      -9.94039699E-03
   2.71699405      -9.91852116E-03
   2.71799397      -9.89670213E-03
   2.71899390      -9.87494085E-03
   2.71999383      -9.85323172E-03
   2.72099376      -9.83157940E-03
   2.72199368      -9.80998203E-03
   2.72299361      -9.78844147E-03
   2.72399354      -9.76695586E-03
   2.72499347      -9.74552333E-03
   2.72599339      -9.72414855E-03
   2.72699332      -9.70282685E-03
   2.72799325      -9.68155824E-03
   2.72899318      -9.66034364E-03
   2.72999310      -9.63918585E-03
   2.73099303      -9.61808022E-03
   2.73199296      -9.59702861E-03
   2.73299289      -9.57603008E-03
   2.73399282      -9.55508649E-03
   2.73499274      -9.53419413E-03
   2.73599267      -9.51335765E-03
   2.73699260      -9.49257240E-03
   2.73799253      -9.47184023E-03
   2.73899245      -9.45116207E-03
   2.73999238      -9.43053328E-03
   2.74099231      -9.40996036E-03
   2.74199224      -9.38943867E-03
   2.74299216      -9.36896913E-03
   2.74399209      -9.34855174E-03
   2.74499202      -9.32818465E-03
   2.74599195      -9.30787064E-03
   2.74699187      -9.28760692E-03
   2.74799180      -9.26739536E-03
   2.74899173      -9.24723595E-03
   2.74999166      -9.22712404E-03
   2.75099158      -9.20706708E-03
   2.75199151      -9.18706041E-03
   2.75299144      -9.16710310E-03
   2.75399137      -9.14719608E-03
   2.75499129      -9.12734028E-03
   2.75599122      -9.10753384E-03
   2.75699115      -9.08777677E-03
   2.75799108      -9.06807091E-03
   2.75899100      -9.04841442E-03
   2.75999093      -9.02880821E-03
   2.76099086      -9.00925044E-03
   2.76199079      -8.98974389E-03
   2.76299071      -8.97028577E-03
   2.76399064      -8.95087514E-03
   2.76499057      -8.93151294E-03
   2.76599050      -8.91220104E-03
   2.76699042      -8.89293756E-03
   2.76799035      -8.87372438E-03
   2.76899028      -8.85455590E-03
   2.76999021      -8.83543864E-03
   2.77099013      -8.81636795E-03
   2.77199006      -8.79734568E-03
   2.77298999      -8.77836999E-03
   2.77398992      -8.75944365E-03
   2.77498984      -8.74056388E-03
   2.77598977      -8.72173347E-03
   2.77698970      -8.70294683E-03
   2.77798963      -8.68420862E-03
   2.77898955      -8.66551884E-03
   2.77998948      -8.64687469E-03
   2.78098941      -8.62827897E-03
   2.78198934      -8.60972703E-03
   2.78298926      -8.59122165E-03
   2.78398919      -8.57276469E-03
   2.78498912      -8.55435245E-03
   2.78598905      -8.53598770E-03
   2.78698897      -8.51766765E-03
   2.78798890      -8.49939417E-03
   2.78898883      -8.48116633E-03
   2.78998876      -8.46298318E-03
   2.79098868      -8.44484475E-03
   2.79198861      -8.42675474E-03
   2.79298854      -8.40870664E-03
   2.79398847      -8.39070417E-03
   2.79498839      -8.37274827E-03
   2.79598832      -8.35483614E-03
   2.79698825      -8.33696686E-03
   2.79798818      -8.31914414E-03
   2.79898810      -8.30136519E-03
   2.79998803      -8.28363094E-03
   2.80098796      -8.26594140E-03
   2.80198789      -8.24829377E-03
   2.80298781      -8.23069271E-03
   2.80398774      -8.21313355E-03
   2.80498767      -8.19561724E-03
   2.80598760      -8.17814562E-03
   2.80698752      -8.16071685E-03
   2.80798745      -8.14333092E-03
   2.80898738      -8.12599063E-03
   2.80998731      -8.10869131E-03
   2.81098723      -8.09143577E-03
   2.81198716      -8.07422213E-03
   2.81298709      -8.05705227E-03
   2.81398702      -8.03992338E-03
   2.81498694      -8.02283734E-03
   2.81598687      -8.00579414E-03
   2.81698680      -7.98879191E-03
   2.81798673      -7.97183439E-03
   2.81898665      -7.95491599E-03
   2.81998658      -7.93804042E-03
   2.82098651      -7.92120676E-03
   2.82198644      -7.90441502E-03
   2.82298636      -7.88766332E-03
   2.82398629      -7.87095353E-03
   2.82498622      -7.85428658E-03
   2.82598615      -7.83765875E-03
   2.82698607      -7.82107189E-03
   2.82798600      -7.80452741E-03
   2.82898593      -7.78802298E-03
   2.82998586      -7.77156046E-03
   2.83098578      -7.75513612E-03
   2.83198571      -7.73875136E-03
   2.83298564      -7.72241084E-03
   2.83398557      -7.70610804E-03
   2.83498549      -7.68984575E-03
   2.83598542      -7.67362351E-03
   2.83698535      -7.65744131E-03
   2.83798528      -7.64129870E-03
   2.83898520      -7.62519427E-03
   2.83998513      -7.60913081E-03
   2.84098506      -7.59310555E-03
   2.84198499      -7.57712172E-03
   2.84298491      -7.56117655E-03
   2.84398484      -7.54526863E-03
   2.84498477      -7.52940355E-03
   2.84598470      -7.51357479E-03
   2.84698462      -7.49778235E-03
   2.84798455      -7.48203229E-03
   2.84898448      -7.46631948E-03
   2.84998441      -7.45064626E-03
   2.85098433      -7.43500842E-03
   2.85198426      -7.41941202E-03
   2.85298419      -7.40385242E-03
   2.85398412      -7.38832960E-03
   2.85498405      -7.37284496E-03
   2.85598397      -7.35739945E-03
   2.85698390      -7.34199071E-03
   2.85798383      -7.32661970E-03
   2.85898376      -7.31128780E-03
   2.85998368      -7.29599269E-03
   2.86098361      -7.28073251E-03
   2.86198354      -7.26551283E-03
   2.86298347      -7.25032669E-03
   2.86398339      -7.23517872E-03
   2.86498332      -7.22006802E-03
   2.86598325      -7.20499596E-03
   2.86698318      -7.18995975E-03
   2.86798310      -7.17495661E-03
   2.86898303      -7.15999305E-03
   2.86998296      -7.14506581E-03
   2.87098289      -7.13017490E-03
   2.87198281      -7.11531844E-03
   2.87298274      -7.10049877E-03
   2.87398267      -7.08571682E-03
   2.87498260      -7.07096886E-03
   2.87598252      -7.05625676E-03
   2.87698245      -7.04158098E-03
   2.87798238      -7.02694058E-03
   2.87898231      -7.01233605E-03
   2.87998223      -6.99776690E-03
   2.88098216      -6.98322989E-03
   2.88198209      -6.96873199E-03
   2.88298202      -6.95426669E-03
   2.88398194      -6.93983585E-03
   2.88498187      -6.92544412E-03
   2.88598180      -6.91108359E-03
   2.88698173      -6.89675892E-03
   2.88798165      -6.88246870E-03
   2.88898158      -6.86821248E-03
   2.88998151      -6.85398979E-03
   2.89098144      -6.83980389E-03
   2.89198136      -6.82565151E-03
   2.89298129      -6.81153173E-03
   2.89398122      -6.79744827E-03
   2.89498115      -6.78339647E-03
   2.89598107      -6.76937914E-03
   2.89698100      -6.75539626E-03
   2.89798093      -6.74144598E-03
   2.89898086      -6.72752969E-03
   2.89998078      -6.71364740E-03
   2.90098071      -6.69979630E-03
   2.90198064      -6.68598153E-03
   2.90298057      -6.67219795E-03
   2.90398049      -6.65844977E-03
   2.90498042      -6.64473185E-03
   2.90598035      -6.63104793E-03
   2.90698028      -6.61739893E-03
   2.90798020      -6.60377974E-03
   2.90898013      -6.59019174E-03
   2.90998006      -6.57663960E-03
   2.91097999      -6.56311959E-03
   2.91197991      -6.54963218E-03
   2.91297984      -6.53617550E-03
   2.91397977      -6.52275234E-03
   2.91497970      -6.50936039E-03
   2.91597962      -6.49600010E-03
   2.91697955      -6.48267241E-03
   2.91797948      -6.46937639E-03
   2.91897941      -6.45611249E-03
   2.91997933      -6.44288072E-03
   2.92097926      -6.42968062E-03
   2.92197919      -6.41651172E-03
   2.92297912      -6.40337309E-03
   2.92397904      -6.39026752E-03
   2.92497897      -6.37719082E-03
   2.92597890      -6.36414671E-03
   2.92697883      -6.35113334E-03
   2.92797875      -6.33815117E-03
   2.92897868      -6.32520020E-03
   2.92997861      -6.31227996E-03
   2.93097854      -6.29939092E-03
   2.93197846      -6.28653262E-03
   2.93297839      -6.27370412E-03
   2.93397832      -6.26090635E-03
   2.93497825      -6.24813838E-03
   2.93597817      -6.23540254E-03
   2.93697810      -6.22269511E-03
   2.93797803      -6.21001888E-03
   2.93897796      -6.19737245E-03
   2.93997788      -6.18475582E-03
   2.94097781      -6.17216993E-03
   2.94197774      -6.15961198E-03
   2.94297767      -6.14708569E-03
   2.94397759      -6.13458920E-03
   2.94497752      -6.12212066E-03
   2.94597745      -6.10968145E-03
   2.94697738      -6.09727390E-03
   2.94797730      -6.08489383E-03
